4301
27 67 0
27 185 0
26 191 0
27 287 0
26 307 0
27 402 0
27 461 0
27 540 0
28 566 0
27 723 0
26 728 0
27 889 0
27 924 0
26 1025 0
27 1215 0
27 1442 0
26 1616 0
30 1632 0
27 1745 0
27 1928 0
27 2085 0
27 2327 0
27 2396 0
34 569 0
37 301 0
39 575 0
38 2325 0
41 554 0
44 58 0
53 587 0
46 722 0
47 390 0
50 272 0
50 2392 0
52 798 0
54 448 0
54 808 0
57 567 0
58 298 0
59 879 0
63 2073 0
60 544 1
59 551 1
61 1143 0
60 2203 0
62 383 0
60 536 1
63 2393 0
63 2165 0
66 913 2
65 1302 0
73 555 1
75 1728 0
77 149 0
77 1219 0
78 910 2
82 371 0
81 721 0
82 436 0
82 683 0
86 863 0
88 1034 0
87 59 0
91 793 0
90 570 0
97 622 0
96 2062 0
97 821 0
99 428 0
99 1124 0
102 721 0
102 1030 0
101 1788 0
102 2156 0
103 485 0
103 686 0
102 836 0
104 2192 0
105 608 0
105 894 0
108 847 0
106 3127 0
111 1213 3
113 515 0
112 2315 0
117 639 0
116 231 0
116 596 0
119 534 0
121 122 0
123 347 0
123 625 0
127 560 0
127 933 0
127 879 0
129 690 0
133 609 0
137 2975 0
140 282 0
139 652 0
140 2183 0
141 829 0
142 1890 0
144 1103 0
145 644 0
145 788 0
147 407 0
146 658 0
148 2238 0
150 1863 0
151 649 0
155 721 0
155 1019 0
156 787 0
156 754 0
160 1203 0
161 327 0
163 202 0
165 686 0
165 857 0
164 2007 0
167 457 0
168 2038 0
170 1390 0
170 105 0
176 884 0
177 507 0
177 718 0
178 1416 0
179 2136 0
179 744 0
179 104 0
182 780 0
183 2171 0
182 1039 0
187 921 0
189 1459 0
189 2225 0
190 387 0
189 448 0
193 544 0
192 1831 0
203 706 0
192 955 0
196 1011 0
197 269 0
199 836 0
200 1035 0
200 173 0
200 1581 4
200 2321 0
202 442 0
205 733 0
207 2382 0
208 1066 0
209 1077 0
210 1663 0
214 300 0
211 727 0
215 866 0
215 596 0
216 437 0
215 1091 0
218 161 0
219 762 0
218 55 0
221 1705 0
225 455 0
226 70 0
223 1701 0
226 820 0
229 695 0
226 1599 0
227 1735 0
230 1667 0
233 476 0
232 785 0
231 994 0
234 909 0
237 1730 0
240 1021 0
239 752 0
239 2677 0
242 1568 0
242 255 0
242 808 0
243 853 0
242 661 0
244 935 0
242 2685 0
244 1179 0
244 1805 0
248 1050 0
249 531 0
248 58 0
252 687 0
254 373 0
254 282 0
255 1079 0
258 973 0
259 1636 0
257 1993 0
259 2327 0
261 137 0
260 798 0
263 436 0
263 2146 0
263 2117 0
265 896 0
265 445 0
266 1009 0
267 459 0
268 2365 0
269 239 0
269 282 0
269 1792 0
269 1954 0
270 2940 0
274 1623 0
275 1656 0
274 2193 0
275 1039 0
275 2011 5
276 838 0
278 920 0
285 521 0
284 1059 0
284 2422 0
286 276 0
287 1070 0
293 779 0
291 1652 0
290 2723 0
291 1707 0
296 1945 0
295 671 0
297 955 0
298 433 0
299 884 0
300 345 0
301 2132 0
302 1551 0
303 218 0
306 456 0
306 2329 0
306 112 0
306 1103 0
309 771 6
309 910 0
309 2346 0
310 1696 0
311 1043 0
311 1275 0
313 1117 0
315 710 0
316 616 0
316 1392 0
317 58 0
320 1610 0
322 253 0
321 945 0
326 1759 0
324 783 0
324 1092 0
325 1161 0
325 511 0
327 1901 0
328 417 0
329 1108 0
328 2242 0
330 987 0
332 431 0
332 1641 0
332 2267 0
337 94 0
336 542 0
340 454 0
339 758 0
339 2089 0
340 2327 0
342 653 0
342 1929 0
344 2116 0
346 1158 0
346 192 0
348 771 0
348 1536 0
353 1955 0
352 2084 0
354 314 0
358 503 0
358 323 0
359 2111 0
360 1532 0
360 1978 0
361 2917 0
361 696 0
363 1598 0
362 2231 0
364 2257 0
365 228 0
365 1728 0
365 523 0
368 2001 0
368 2519 7
367 1883 0
370 2280 0
372 1632 0
374 645 0
374 745 0
374 938 0
375 832 0
376 2293 0
377 391 0
377 758 0
376 2026 0
378 1916 0
380 402 0
382 453 0
383 779 0
382 1592 0
383 2309 0
381 1610 0
382 1674 0
385 423 0
388 1627 0
385 1939 0
387 2066 0
389 687 0
390 805 0
392 956 0
393 2222 0
393 451 0
394 493 0
393 818 0
392 1956 0
393 2698 0
395 196 0
397 2708 0
398 289 0
398 58 0
401 2246 0
399 2346 0
402 1984 0
402 2096 0
403 2375 0
406 733 0
405 2415 0
407 636 0
410 1711 0
408 2267 0
407 2515 0
410 59 0
411 184 0
411 394 0
411 910 0
411 2009 0
413 1021 0
413 2282 0
416 411 0
417 745 0
418 2298 0
420 2901 0
420 582 0
422 676 0
420 2089 0
423 764 0
425 449 0
425 2049 0
427 1787 0
425 59 0
428 780 0
428 1757 0
433 894 0
430 353 0
432 93 0
432 365 0
432 482 0
433 626 0
434 1998 0
432 1796 0
434 2702 0
436 804 0
437 385 0
435 1085 0
436 264 0
438 721 0
442 1815 0
441 404 0
441 1346 0
443 824 0
442 3049 0
444 2754 0
445 668 0
444 1252 0
446 157 0
445 883 0
445 973 0
447 2205 0
447 1155 0
447 1181 0
448 444 0
448 3116 8
447 1573 0
451 478 0
451 1007 0
449 1149 0
449 3127 8
451 256 0
453 799 0
453 2790 0
454 59 0
456 2228 0
458 1611 0
458 353 0
459 571 0
461 868 0
462 376 0
465 991 0
463 714 0
464 1235 0
464 2248 0
465 143 0
465 396 0
465 727 0
471 744 0
470 2262 0
470 2198 0
472 436 0
473 616 0
473 1664 0
473 2887 0
475 1070 0
478 3115 0
478 3091 0
480 1559 0
478 3127 0
480 3099 0
483 854 0
483 2292 0
482 2921 0
484 794 0
483 2941 0
489 234 0
486 657 0
485 175 0
487 2149 0
489 3115 0
490 1603 0
489 1722 0
494 952 0
491 912 0
494 127 0
495 476 0
495 3127 0
498 699 0
498 1969 0
500 851 0
499 1642 0
499 275 0
500 427 0
502 394 0
502 558 0
502 1145 0
501 3027 0
503 321 0
503 1488 0
503 332 0
504 365 0
505 2793 0
507 567 0
508 935 0
512 160 0
511 1513 0
512 1804 0
511 2244 0
511 2800 0
514 1708 0
515 1883 0
516 1140 0
516 2110 0
521 603 0
519 1004 0
521 2285 0
523 1557 0
525 2798 0
525 458 0
527 920 0
526 1234 0
528 2024 0
529 2321 0
531 475 0
529 1304 0
532 1476 0
533 1592 0
535 415 0
532 1461 0
535 641 0
535 975 0
536 2349 0
535 1793 0
537 1508 0
536 2842 0
538 103 0
539 206 0
540 967 0
541 1947 0
543 1625 0
546 1214 0
555 990 0
546 2233 0
549 680 0
547 1720 0
548 2893 0
549 1505 0
552 845 0
551 3127 0
554 137 0
555 1555 0
555 913 0
556 2279 0
558 707 0
557 1794 0
558 964 0
558 2936 0
561 545 0
562 246 0
563 1105 0
563 723 0
563 2328 0
563 2344 0
564 2622 0
563 2956 0
565 2004 0
566 1714 0
568 1501 0
570 1860 0
570 1620 0
571 169 0
572 1115 0
572 2381 0
574 460 0
575 3115 0
574 775 0
577 586 0
576 2033 0
575 3005 0
577 184 0
576 1747 0
580 400 0
581 797 0
582 1926 0
582 2413 0
583 841 0
586 1787 0
588 2584 0
585 3113 0
586 1458 0
589 206 0
589 618 0
588 1590 0
590 960 0
588 1708 0
589 2081 0
591 2266 0
591 3000 0
592 1809 0
595 2871 0
597 1496 0
599 230 0
597 1361 0
600 654 0
598 903 0
601 152 0
602 837 0
603 533 0
603 2316 0
604 238 0
604 1982 0
604 2075 0
606 1548 0
605 1665 0
607 2481 0
607 2916 0
612 692 0
611 1584 0
611 58 0
613 900 0
615 956 0
616 993 0
615 2365 0
616 712 0
616 1004 0
616 2013 0
614 2147 0
617 1616 0
617 2126 0
617 2956 0
618 573 0
618 2993 0
620 191 0
620 273 0
619 1907 0
619 1733 0
621 2146 0
624 1036 0
624 345 0
622 1717 0
626 1662 0
625 1971 0
627 763 0
630 687 0
629 2785 0
630 605 0
631 785 0
629 1057 0
634 1184 0
632 2531 0
633 1489 0
633 1713 0
633 2805 0
634 707 0
637 224 0
636 383 0
638 2006 0
637 310 0
637 59 0
638 129 0
638 623 0
639 1091 0
638 1963 0
639 1540 0
639 2240 0
641 829 0
642 635 0
643 1104 0
642 1436 0
643 1575 0
642 2551 0
645 2565 0
645 2848 0
648 337 0
646 652 0
647 74 0
648 1607 0
648 2783 0
651 2123 0
653 432 0
652 681 0
650 2002 0
653 2050 0
654 1656 0
655 262 0
656 890 0
657 2143 0
656 705 0
658 3081 0
657 445 0
658 1164 0
660 1708 0
661 170 0
662 377 0
662 2161 0
663 1739 0
664 1766 0
668 1482 0
668 753 0
667 62 0
668 1791 0
669 2227 0
670 1532 0
671 108 0
671 1134 0
673 2862 0
674 775 0
672 1155 0
676 947 0
677 3114 0
679 206 0
678 517 0
678 2223 0
680 1102 0
682 1603 0
681 1833 0
681 2883 0
684 420 0
686 818 0
686 556 0
685 645 0
691 1007 0
688 1179 0
689 1030 0
689 2291 0
689 670 0
690 1650 0
688 231 0
690 349 0
690 1785 0
691 1869 0
689 2119 0
695 703 0
696 610 0
696 1524 0
696 92 0
697 2153 0
698 1034 0
700 872 0
701 150 0
701 1695 0
702 2334 0
703 744 0
702 1350 0
701 278 0
704 292 0
702 464 0
701 1233 0
701 1271 0
704 2082 0
704 275 0
707 768 0
706 1728 0
708 1750 0
709 311 0
712 511 0
712 2367 0
714 808 0
721 1009 9
716 343 0
716 1775 0
719 1221 0
718 532 0
720 362 0
720 1062 0
722 546 0
719 666 0
723 2956 0
722 2982 0
725 2023 0
727 1643 0
728 694 0
730 184 0
731 1595 0
732 900 0
733 2076 0
733 2211 0
735 1104 0
736 2980 0
740 1012 0
738 1809 0
742 1851 0
740 2128 0
739 2238 0
742 1680 0
742 735 0
743 3038 0
746 507 0
746 1635 0
746 2274 0
748 997 0
748 1463 0
749 589 0
749 758 0
751 852 0
754 980 0
751 1100 0
750 1170 0
754 1713 0
756 1013 0
758 172 0
759 795 0
758 1591 0
758 717 0
761 609 0
760 1843 0
762 301 0
761 2352 0
776 1017 0
767 1750 0
768 332 0
771 1184 0
773 357 0
772 1613 0
774 1656 0
775 390 0
777 922 0
776 3127 0
779 222 0
779 1588 0
779 1034 0
784 968 0
782 1799 0
781 426 0
784 234 10
783 2191 0
784 2443 0
784 3111 0
785 1998 0
783 964 0
786 2224 0
786 1130 0
789 2461 0
790 2263 0
791 1017 0
790 1059 0
791 1635 0
792 2473 0
791 126 0
792 1831 0
793 449 0
793 1257 0
792 2532 0
795 1699 0
795 2545 0
797 465 0
796 298 0
799 1018 0
798 1584 0
799 2065 0
798 2558 0
801 692 0
804 1082 0
804 1750 0
804 2121 0
804 350 0
805 1677 0
804 2968 0
810 1019 0
807 1166 0
806 2186 0
813 940 0
809 2340 0
810 127 0
813 402 0
811 2217 0
811 743 0
812 1422 0
813 1988 0
813 2439 0
814 313 0
813 1682 0
815 2956 0
818 1083 0
816 2453 0
817 2257 0
816 152 0
817 1658 0
819 2466 0
820 229 0
820 2475 0
821 445 0
822 776 0
824 1217 0
823 885 0
822 1117 0
825 346 0
825 788 0
825 248 0
824 1661 0
828 1788 0
825 1665 0
827 2996 0
829 984 0
827 1115 0
828 2335 0
830 1301 0
831 2057 0
832 534 0
833 1940 0
832 1983 0
833 1693 0
832 2103 0
834 1239 0
834 1888 0
833 1960 0
834 2117 0
838 226 0
835 2554 0
835 1801 0
839 386 0
840 585 0
841 2171 0
845 918 0
842 954 0
843 1146 0
843 2596 0
844 2190 0
846 3110 0
848 1029 0
849 1750 0
849 2759 0
849 992 0
850 2467 0
848 3127 0
851 419 0
851 1570 0
852 867 0
853 1728 0
853 2248 0
853 2643 0
855 520 0
855 1108 0
856 2164 0
856 2279 0
856 2665 0
858 212 0
859 960 0
859 2186 0
859 1275 0
860 1777 0
859 2327 0
858 2506 0
862 1075 0
861 1322 0
861 2689 0
863 654 0
864 1707 0
864 331 0
864 747 0
864 777 0
864 790 0
865 2551 0
864 711 0
864 1921 0
864 2218 0
867 904 0
867 373 0
867 2245 0
866 2715 0
867 362 0
868 941 0
869 1202 0
869 2157 0
871 1942 0
871 2589 0
873 1800 0
873 2182 0
874 2756 0
875 401 0
877 1124 0
879 1903 0
876 1964 0
880 2216 0
877 2462 0
880 2641 0
880 1305 0
881 565 0
881 918 0
883 677 0
882 1230 0
883 2503 0
883 643 0
882 1378 0
883 2661 0
883 615 0
884 712 0
885 2242 0
885 749 0
885 695 0
886 777 0
886 791 0
886 2682 0
888 502 0
888 1074 0
889 1929 0
890 2548 0
891 2274 0
891 144 0
892 2712 0
892 640 0
892 678 0
892 696 0
892 712 0
892 1359 0
893 2910 0
894 1261 0
894 1457 0
894 2043 0
896 611 0
896 1955 0
897 2754 0
897 791 0
901 2431 0
898 973 0
898 1332 0
898 1910 0
899 775 0
901 1759 0
900 714 0
900 2144 0
899 2817 0
902 957 0
917 1046 0
901 1397 0
902 637 0
903 750 0
909 876 0
902 1505 0
905 2791 0
905 737 0
906 1113 0
907 2172 0
907 1289 0
909 931 0
908 1180 0
909 144 0
912 698 0
912 1437 0
911 2675 0
912 606 0
910 710 0
913 978 0
913 1354 0
914 678 0
913 1504 0
912 2463 0
914 2709 0
914 353 0
915 2810 0
916 2209 0
917 542 0
916 1058 0
916 2498 0
915 2950 0
916 2169 0
918 2753 0
919 156 0
918 635 0
918 715 0
916 2407 0
921 1774 0
920 2134 0
920 2427 0
920 2545 0
922 751 0
922 1070 0
923 1211 0
922 1323 0
923 1841 0
922 2234 0
924 371 0
926 870 0
922 1599 0
925 600 0
926 2459 0
925 2594 0
927 2793 0
928 479 0
928 1391 0
928 1281 0
928 1477 0
930 2806 0
932 1743 0
929 2206 0
930 2266 0
932 715 0
932 1350 0
931 2639 0
932 2669 0
932 635 0
934 793 0
934 1496 0
934 630 0
936 700 0
935 1101 0
936 2706 0
936 811 0
935 835 0
937 1241 0
936 1318 0
934 2821 0
939 1572 0
939 1302 0
939 2754 0
941 679 0
942 753 0
942 1427 11
943 1347 0
942 1379 0
943 1517 0
943 2264 0
945 2794 0
945 2866 0
946 1202 0
946 1581 0
948 659 0
948 2805 0
948 266 0
950 529 0
949 591 0
951 1755 0
950 1797 0
952 1274 0
951 1374 0
950 3128 0
952 638 0
952 1027 0
952 1068 0
954 1135 0
955 1463 0
954 1927 12
954 2453 0
960 1421 0
955 1562 0
957 718 0
956 1039 0
958 2492 0
958 1227 0
957 2721 0
959 922 0
962 703 0
962 2765 0
963 1298 0
963 1484 0
962 2119 0
961 2520 0
962 2541 0
964 1062 0
964 1158 0
963 2801 0
963 3002 0
965 1727 0
965 2850 0
967 1765 0
966 2692 0
967 3108 0
967 2591 0
969 1455 0
969 2032 0
970 583 0
969 1079 0
967 2660 0
971 2636 0
974 954 0
973 1510 0
973 2647 0
971 2658 0
975 669 0
976 1087 0
974 1868 0
978 2415 0
976 390 0
975 824 0
975 1743 0
976 2997 0
976 789 0
977 1188 0
977 1269 0
977 1479 0
977 2224 0
978 1451 0
980 644 0
980 850 0
979 1022 0
980 1339 0
979 2744 0
980 2837 0
982 654 0
981 968 0
983 1034 0
984 1508 0
983 1717 0
984 317 0
985 1121 0
984 2488 0
983 2708 0
983 1294 0
986 2783 0
986 262 0
986 360 0
987 1545 0
989 2256 0
984 2498 0
986 292 0
986 883 0
988 956 0
988 1213 0
987 1475 0
987 1827 0
987 2010 0
985 2238 0
988 2446 0
988 211 0
988 1363 0
988 1735 0
989 2034 0
989 731 0
991 1051 0
991 2105 0
990 1896 0
992 692 0
992 2045 0
992 2412 0
994 996 0
994 1505 0
995 2486 0
994 2731 0
994 2910 0
996 1151 0
998 2219 0
994 2698 0
996 910 0
998 1540 0
999 2514 0
999 1009 0
999 1708 0
1001 2057 0
1002 2535 0
1001 2724 0
1002 1781 13
1003 2769 0
1005 1902 0
1005 1074 0
1005 1407 0
1003 2142 0
1006 156 0
1006 653 0
1005 1240 0
1007 1263 0
1007 2665 0
1007 1608 0
1006 2566 0
1006 143 0
1008 260 0
1008 394 0
1008 2587 0
1009 207 0
1011 958 0
1010 1536 0
1010 1885 0
1008 2097 0
1010 729 0
1010 778 0
1011 911 0
1011 1183 0
1010 1753 0
1010 2067 0
1013 2216 0
1015 1110 0
1013 2007 0
1012 2809 0
1013 1974 0
1014 2036 0
1013 2256 0
1012 2604 0
1014 653 0
1015 687 0
1015 740 0
1013 2183 0
1014 2206 0
1021 1038 0
1014 1281 0
1016 2635 0
1015 371 0
1030 835 0
1015 1961 0
1019 357 0
1018 484 0
1018 1842 0
1018 2134 0
1020 1209 0
1020 1436 0
1021 2754 0
1023 887 0
1021 2287 0
1021 2438 0
1022 2664 0
1023 716 0
1023 746 0
1024 407 0
1024 1592 0
1025 2975 0
1024 525 0
1025 568 0
1026 2082 0
1026 2794 0
1026 611 0
1028 1144 0
1027 1576 0
1028 1329 0
1029 2481 0
1030 340 0
1030 914 0
1030 1235 0
1029 2179 0
1029 2198 0
1029 2212 0
1030 1100 0
1030 1354 0
1031 2039 0
1032 257 0
1031 282 0
1033 2712 0
1034 719 0
1033 776 0
1034 1460 0
1033 1585 0
1034 2508 0
1035 474 0
1035 1059 0
1035 2124 0
1038 2531 0
1038 385 0
1039 1256 0
1038 1366 0
1037 1925 0
1038 1998 0
1037 2071 0
1040 2846 0
1040 890 0
1040 1179 0
1039 2740 0
1040 1395 0
1040 3008 0
1043 354 0
1041 2210 0
1042 611 0
1044 661 0
1044 690 0
1045 419 0
1044 563 0
1047 775 14
1045 1427 0
1045 1494 0
1046 2174 0
1045 2249 0
1048 1276 0
1048 1627 0
1047 2775 0
1049 2117 0
1049 2188 0
1048 284 0
1049 1325 0
1050 1455 0
1048 2264 0
1049 2280 0
1051 255 0
1050 310 0
1052 528 0
1051 723 0
1052 2042 0
1053 1662 0
1053 2208 0
1051 117 0
1053 365 0
1057 1137 0
1054 232 0
1054 858 0
1056 1202 0
1055 397 0
1055 1373 0
1055 1523 0
1054 1641 0
1055 2170 0
1055 1355 0
1058 1088 0
1058 1801 0
1058 1962 0
1058 1932 0
1059 1997 0
1061 2768 0
1060 2111 0
1060 2246 0
1061 1908 0
1061 2437 0
1062 1626 0
1064 2261 0
1064 2501 0
1065 496 0
1064 1385 0
1064 805 0
1065 989 0
1067 825 0
1065 1785 0
1067 2275 0
1067 2401 0
1068 453 0
1069 1320 0
1068 2909 0
1070 1021 0
1070 2167 0
1069 430 0
1070 845 0
1075 1863 0
1071 2524 0
1072 1486 0
1071 1912 0
1072 1062 0
1072 1562 0
1072 2178 0
1073 408 0
1073 874 0
1076 1232 0
1074 2048 0
1074 383 0
1075 1418 0
1075 2002 0
1074 1746 0
1077 347 0
1078 894 0
1078 2203 0
1078 2557 0
1080 311 0
1079 1444 0
1090 1680 0
1082 781 0
1082 1351 0
1082 282 0
1082 729 0
1082 918 0
1080 1414 0
1084 1127 0
1081 1418 0
1084 2437 0
1085 1514 0
1085 251 0
1086 1656 0
1085 2599 0
1087 228 0
1086 700 0
1087 2241 0
1087 611 0
1087 2008 0
1087 2522 0
1088 3107 0
1087 1434 0
1089 1830 0
1089 667 0
1089 1194 0
1090 188 0
1090 1269 0
1090 1867 0
1090 2254 0
1090 2631 0
1091 165 0
1092 2166 0
1093 1375 0
1092 1452 0
1093 565 0
1094 947 0
1096 1000 0
1094 1067 0
1094 1123 0
1094 1135 0
1107 1155 0
1094 2269 0
1095 732 0
1095 1649 0
1095 1820 0
1098 533 0
1098 2659 0
1098 2554 0
1100 703 0
1099 1289 0
1099 1473 0
1099 1550 0
1099 2109 0
1099 2199 0
1099 2825 0
1098 3128 0
1100 507 0
1100 2910 0
1101 311 0
1099 338 0
1102 890 0
1101 1010 0
1102 1871 0
1102 2960 0
1104 279 0
1103 1509 0
1103 1801 0
1103 1926 0
1103 1949 0
1103 1978 0
1104 2996 0
1106 249 0
1106 1824 0
1107 919 0
1106 1066 0
1107 1201 0
1106 1311 0
1107 226 0
1108 436 0
1106 456 0
1107 666 0
1107 1030 0
1107 2690 0
1106 429 0
1108 1546 0
1109 612 0
1109 2236 0
1109 2518 0
1110 1783 0
1111 2063 0
1109 195 0
1113 704 0
1114 1426 0
1119 829 0
1114 1583 0
1116 568 0
1113 955 0
1116 1229 0
1113 1766 0
1117 1113 0
1117 2265 0
1117 2597 0
1117 782 0
1121 1712 0
1120 1444 0
1120 1651 0
1121 536 0
1122 887 0
1120 2820 0
1126 735 0
1121 967 0
1125 2021 0
1125 2748 0
1126 509 0
1125 1259 0
1127 1875 0
1129 612 0
1126 1831 0
1127 109 0
1127 2910 0
1128 176 0
1129 913 0
1128 1365 0
1128 1462 0
1130 2629 0
1131 705 0
1131 2004 0
1131 339 0
1131 1147 0
1132 1280 0
1133 2784 0
1133 461 0
1135 308 0
1134 2077 0
1136 1991 0
1140 1052 0
1136 1940 0
1136 1963 0
1136 2343 0
1137 572 0
1139 985 0
1139 273 0
1139 1420 0
1138 3041 0
1139 1145 0
1140 1306 0
1138 445 0
1140 1653 0
1140 2818 0
1142 244 0
1145 425 0
1143 222 0
1142 1601 0
1143 1576 0
1144 911 0
1144 1437 0
1145 1496 0
1145 650 0
1145 884 0
1145 1334 0
1147 1632 0
1149 773 0
1148 1366 0
1150 381 0
1150 1099 0
1149 1214 0
1150 2861 0
1150 2030 0
1150 2389 0
1151 514 0
1152 1456 0
1151 1512 0
1152 834 0
1154 1222 0
1157 337 0
1157 1135 0
1155 2015 0
1156 1520 0
1158 464 0
1158 978 0
1160 440 0
1162 307 0
1159 2012 0
1162 2910 0
1162 832 0
1163 2627 0
1164 428 0
1163 1244 0
1163 1416 0
1164 1488 0
1166 1794 0
1168 272 0
1168 1091 0
1168 1430 0
1169 748 0
1169 768 0
1170 3105 0
1176 819 0
1171 1817 0
1173 242 0
1173 879 0
1174 1033 0
1174 1447 0
1172 2112 0
1175 1178 0
1175 1268 0
1175 1837 0
1175 389 0
1175 640 0
1175 909 0
1175 2930 0
1175 2961 0
1175 2995 0
1176 3039 0
1178 1372 0
1179 1565 0
1179 614 0
1180 971 0
1181 714 0
1180 2815 0
1183 834 0
1184 1123 0
1182 1874 0
1183 337 0
1184 306 0
1187 1026 0
1185 1482 0
1185 2093 0
1186 273 0
1186 1412 0
1188 1296 0
1188 239 0
1188 910 0
1188 1501 0
1188 2139 0
1191 217 0
1191 635 0
1190 1425 0
1191 2726 0
1192 1910 0
1192 470 0
1192 555 0
1194 448 0
1193 588 0
1194 875 0
1194 966 0
1195 1205 0
1194 1595 0
1194 1662 0
1195 154 0
1197 395 0
1196 1315 0
1197 1439 0
1196 1640 0
1198 106 0
1198 428 0
1200 1164 0
1199 1937 0
1200 519 0
1201 1077 0
1206 1015 0
1203 1231 0
1202 2168 0
1204 812 0
1204 387 0
1204 1370 0
1206 1088 0
1205 458 0
1207 1461 0
1208 338 0
1209 1258 0
1208 1779 0
1211 1471 0
1211 2051 0
1209 2813 0
1211 309 0
1211 1115 0
1210 2024 0
1212 1197 0
1211 2117 0
1213 274 0
1212 1035 0
1212 1689 0
1213 1038 0
1215 1403 0
1214 1970 0
1213 2194 0
1217 237 0
1216 903 0
1216 1072 0
1216 1291 0
1217 625 0
1216 652 0
1216 684 0
1216 1047 0
1218 1228 0
1218 1981 0
1219 2128 0
1218 588 0
1219 211 0
1219 555 0
1220 765 0
1220 1098 0
1220 1489 0
1220 1361 0
1221 1551 0
1222 1150 0
1223 2032 0
1223 1260 0
1224 1429 0
1223 2217 0
1224 2910 0
1222 1591 0
1224 1989 0
1223 166 0
1227 796 0
1226 1809 0
1226 1928 0
1230 1110 0
1228 1289 0
1229 1981 0
1231 1354 0
1231 2018 0
1232 2241 0
1233 1830 0
1233 2990 0
1233 554 0
1234 1061 0
1233 2155 0
1234 339 0
1236 1393 0
1236 527 0
1236 765 0
1238 2094 0
1237 1449 0
1239 1962 0
1237 2045 0
1240 587 0
1239 882 0
1243 1344 15
1240 1461 0
1242 1286 0
1241 1855 0
1244 789 0
1242 1201 0
1241 2002 0
1241 2029 0
1243 1263 0
1244 941 0
1244 1222 0
1245 2181 0
1245 120 0
1245 135 0
1246 319 0
1246 1387 0
1246 1482 0
1247 204 0
1248 623 0
1246 59 0
1248 233 0
1249 1534 0
1249 2027 0
1250 1137 0
1251 2117 0
1252 932 0
1252 473 0
1261 1978 0
1252 2983 0
1253 1427 0
1255 865 0
1254 1508 0
1256 1628 0
1253 1747 0
1256 1887 0
1256 2209 0
1255 809 0
1257 1013 0
1257 1087 0
1259 1440 0
1258 1758 0
1257 2010 0
1259 1530 0
1261 2308 0
1261 1022 0
1263 1219 0
1261 1605 0
1264 1065 0
1264 1422 0
1264 1451 0
1263 1650 0
1264 1913 0
1266 2076 0
1265 2141 0
1266 430 0
1265 1378 0
1265 328 0
1268 2018 0
1267 2234 0
1269 1788 0
1278 1948 0
1269 1660 0
1274 3125 0
1275 1442 0
1273 3104 16
1273 913 0
1273 1068 0
1273 1107 0
1272 1180 0
1274 989 0
1274 1483 0
1275 1744 0
1275 2168 0
1276 870 0
1277 1249 0
1277 2621 0
1280 1123 0
1279 1815 0
1280 2351 0
1280 1285 0
1281 1005 0
1281 1413 0
1282 1207 0
1289 1369 0
1285 1525 0
1285 195 0
1285 229 0
1286 1832 0
1286 1330 0
1286 1976 0
1286 163 0
1285 258 0
1288 934 0
1287 1598 0
1287 1780 0
1288 2131 0
1288 539 0
1287 1359 0
1288 1609 0
1288 2199 0
1291 1434 0
1288 1726 0
1293 900 0
1292 1097 0
1291 1473 0
1291 1502 0
1293 489 0
1292 584 0
1294 1237 0
1292 2298 0
1294 2069 0
1295 624 0
1297 465 0
1299 1521 0
1299 1601 0
1309 1893 0
1299 2228 0
1300 2005 0
1302 959 0
1301 1052 0
1301 1871 0
1300 2399 0
1301 445 0
1302 1167 0
1302 1436 0
1303 1112 0
1302 1497 0
1305 893 0
1304 1278 0
1304 2168 0
1305 623 0
1306 1421 0
1306 1467 0
1306 1774 0
1307 3105 0
1306 800 0
1309 933 0
1308 1254 0
1310 346 0
1308 1565 0
1311 1518 0
1311 1189 0
1313 1427 0
1314 982 0
1314 1083 0
1312 1688 0
1315 821 0
1314 1266 0
1316 1276 0
1316 1802 0
1314 2437 0
1317 1864 0
1317 2117 0
1316 3103 0
1316 1315 0
1317 1489 0
1317 1326 0
1316 1686 0
1320 993 0
1320 1704 0
1321 2052 0
1323 836 0
1323 1103 0
1323 1039 0
1322 1218 0
1323 1357 0
1323 1410 0
1324 1823 0
1323 1929 0
1324 141 0
1324 163 0
1324 186 0
1324 387 0
1325 1516 0
1324 2701 0
1326 974 0
1324 217 0
1327 1559 0
1326 2390 0
1329 583 0
1329 1419 0
1329 1683 0
1328 1728 0
1329 255 0
1329 1153 0
1330 1275 0
1330 549 0
1330 1238 0
1329 1837 0
1332 2222 0
1330 2477 0
1332 1072 0
1333 762 0
1334 1696 0
1333 1953 0
1335 789 0
1334 1368 0
1336 2156 0
1336 506 0
1337 622 0
1336 1580 0
1336 1756 0
1337 1819 0
1337 1857 0
1339 306 0
1340 357 0
1339 1171 0
1340 876 0
1342 679 0
1341 1144 0
1342 1554 0
1341 1724 0
1342 2427 0
1343 644 0
1341 701 0
1343 1093 0
1341 1296 0
1342 1868 0
1343 293 0
1343 1027 0
1343 1985 0
1344 2104 0
1343 1805 0
1346 1268 0
1346 1879 0
1345 1948 0
1346 465 0
1347 1323 0
1347 1445 0
1349 1789 0
1347 1749 0
1348 822 0
1347 1199 0
1349 1164 0
1350 1816 0
1349 2182 0
1350 255 0
1350 699 0
1350 2527 0
1351 1212 0
1352 1569 0
1354 1356 0
1355 1230 0
1355 1471 0
1353 794 0
1355 1059 0
1356 1291 0
1355 796 0
1357 948 0
1356 1379 0
1356 1977 0
1374 803 0
1357 1747 0
1358 1129 0
1359 1667 0
1358 1719 0
1358 2378 0
1359 2468 0
1360 2032 0
1359 2206 0
1360 1190 0
1360 1684 0
1361 1914 0
1361 816 0
1362 142 0
1362 770 0
1363 1015 0
1363 1847 0
1363 163 0
1363 176 0
1363 1388 0
1363 2145 0
1364 203 0
1363 841 0
1364 1082 0
1364 2279 0
1366 290 0
1365 1202 0
1366 1511 0
1366 1318 0
1366 1399 0
1366 1748 0
1367 1856 0
1367 1153 0
1369 318 0
1369 687 0
1368 1782 0
1368 2571 0
1370 1935 0
1371 254 0
1369 228 0
1372 1868 0
1373 400 0
1373 1256 0
1373 2910 0
1373 764 0
1372 960 0
1373 1221 0
1371 1429 0
1374 1104 0
1375 1542 0
1373 1797 0
1374 2168 0
1375 1434 0
1375 2027 0
1376 1114 0
1375 1177 0
1377 1810 0
1377 2415 0
1378 1345 0
1375 1426 0
1378 1720 0
1379 858 0
1378 1007 0
1378 1040 0
1378 1557 0
1379 2516 0
1380 830 0
1379 2086 0
1380 617 0
1380 1192 0
1382 572 0
1381 1457 0
1380 1865 0
1382 1965 0
1382 2313 17
1384 288 0
1381 630 0
1385 375 0
1385 1250 0
1386 2193 0
1384 1619 0
1387 1837 0
1387 1904 0
1387 2620 0
1388 1215 0
1389 1068 0
1388 1097 0
1389 1279 0
1389 1139 0
1388 1617 0
1389 1792 0
1390 1846 0
1391 169 0
1390 1030 0
1390 1368 0
1391 1743 0
1393 914 0
1390 1486 0
1399 1511 0
1392 1806 0
1394 795 0
1393 2264 0
1395 2079 0
1395 2451 0
1394 3062 0
1395 841 0
1395 1640 0
1396 1675 0
1395 1925 0
1395 2131 0
1396 634 0
1397 1815 0
1405 821 0
1398 1159 0
1400 1245 0
1399 351 0
1400 1663 0
1399 1763 0
1400 2557 0
1400 1093 0
1402 1386 0
1401 2019 0
1402 1302 0
1402 1346 0
1402 1653 0
1403 902 0
1403 1169 0
1404 2153 0
1404 2662 0
1404 1335 0
1405 1425 0
1406 253 0
1406 1056 0
1406 1449 0
1406 2359 0
1407 2404 0
1407 333 0
1406 423 0
1407 758 0
1407 1644 0
1407 1952 0
1407 2301 0
1409 1013 0
1410 1784 0
1410 284 0
1410 1116 0
1410 1895 0
1411 1553 0
1413 319 0
1413 721 0
1415 1240 0
1411 1342 0
1414 1608 0
1416 2119 0
1415 2251 0
1415 252 0
1416 502 0
1416 782 0
1417 813 0
1416 1195 0
1416 2178 0
1415 2698 0
1417 621 0
1417 663 0
1422 1295 0
1418 2069 0
1419 887 0
1419 1809 0
1420 394 0
1420 1138 0
1419 244 0
1421 283 0
1421 587 0
1422 2436 0
1423 300 0
1423 2499 0
1423 1208 0
1422 1776 0
1424 1083 0
1424 2397 0
1425 1149 0
1428 1270 0
1426 1444 0
1427 1495 0
1426 1835 0
1426 550 0
1427 797 0
1459 901 0
1428 1895 0
1428 2006 0
1429 285 0
1430 1095 0
1431 2138 0
1431 2600 0
1431 1939 0
1431 2344 0
1432 369 0
1432 1034 0
1433 1377 0
1432 1553 0
1431 1769 0
1436 689 0
1433 1523 0
1434 658 0
1432 967 0
1436 1417 0
1434 2284 0
1435 1170 0
1436 516 0
1436 1258 0
1437 1620 0
1437 1958 0
1439 624 0
1439 1290 0
1439 1712 0
1438 2427 0
1439 1019 0
1439 1119 0
1441 746 0
1442 346 0
1441 1182 0
1441 1270 0
1442 2692 0
1441 2782 0
1443 1553 0
1444 1833 0
1444 596 0
1444 1130 0
1444 247 0
1446 1229 0
1445 1374 0
1445 2230 0
1445 2530 0
1446 849 0
1446 2486 0
1447 944 0
1446 1057 0
1447 2058 0
1449 2158 0
1449 379 0
1450 1998 0
1451 2381 0
1450 954 0
1452 1145 0
1452 1236 0
1454 1485 0
1453 758 0
1453 1413 0
1453 1704 0
1454 1733 0
1452 2830 0
1454 560 0
1454 1069 0
1454 2420 0
1453 2630 0
1454 59 0
1457 317 0
1455 982 0
1457 408 0
1459 2089 0
1461 1033 0
1460 1436 0
1461 1217 0
1461 386 0
1463 467 0
1462 1720 0
1463 2477 0
1464 2775 0
1465 298 0
1465 1482 0
1465 2263 0
1464 2626 0
1465 1095 0
1465 2690 0
1468 186 0
1466 2514 0
1465 2949 0
1467 1560 0
1468 144 0
1469 389 0
1467 1107 0
1468 2113 0
1468 2410 0
1468 2558 0
1469 650 0
1469 1549 0
1470 2046 0
1469 2322 0
1474 1512 0
1471 683 0
1471 806 0
1471 1989 0
1471 2202 0
1473 628 0
1471 1330 0
1474 1135 0
1472 1145 0
1474 1046 0
1475 1366 0
1473 1715 0
1473 1916 0
1475 59 0
1476 1565 0
1477 2824 0
1476 1719 0
1478 1003 0
1481 68 0
1482 1284 18
1482 2129 0
1481 2467 0
1481 2944 0
1483 260 0
1483 745 0
1482 2077 0
1484 1406 0
1485 1551 0
1484 2534 0
1485 1566 0
1486 2038 0
1487 148 0
1487 429 0
1486 926 0
1488 361 0
1487 1192 0
1487 2769 0
1487 986 0
1488 2977 0
1489 84 0
1489 571 0
1489 1213 0
1489 2357 0
1492 1429 0
1491 2097 0
1491 2304 0
1490 2870 0
1491 1267 0
1492 872 0
1493 1027 0
1494 134 0
1494 1070 0
1495 2690 0
1496 550 19
1496 823 0
1496 2235 0
1498 1361 0
1496 2520 0
1499 106 0
1499 2598 0
1500 2394 0
1501 2910 0
1501 402 0
1503 2116 0
1503 2818 0
1503 344 0
1504 1096 0
1504 2154 0
1510 1289 0
1507 2935 0
1508 958 0
1507 2027 0
1509 390 0
1509 1470 0
1510 202 0
1511 910 0
1513 1357 0
1511 2499 0
1513 495 0
1512 632 0
1512 681 0
1512 2253 0
1514 1264 0
1515 369 0
1516 984 0
1515 1050 0
1515 1592 0
1516 2340 0
1516 2762 0
1515 2861 0
1515 2962 0
1516 67 0
1516 1394 0
1516 1553 0
1517 2141 0
1517 2433 0
1518 2203 0
1518 836 0
1520 1638 0
1522 82 0
1521 339 0
1519 990 0
1520 1028 0
1534 1001 0
1524 1089 0
1523 1823 0
1525 1230 0
1527 441 0
1526 738 0
1527 1031 0
1527 1261 0
1525 1733 0
1526 2100 0
1525 2194 0
1526 2274 0
1526 2634 0
1527 319 0
1527 1417 0
1526 3080 0
1529 2910 0
1529 2808 0
1530 899 0
1534 107 0
1530 395 0
1530 2591 0
1530 433 0
1534 1504 0
1532 2152 0
1534 374 0
1533 2568 20
1533 2699 0
1537 1295 0
1535 1630 0
1536 2174 0
1534 126 0
1537 279 0
1535 1452 0
1536 1579 0
1538 987 0
1542 1351 0
1540 2213 0
1538 681 0
1537 1239 0
1539 2372 0
1540 324 0
1541 507 0
1540 2290 0
1540 607 0
1541 634 0
1541 1445 0
1541 2850 0
1541 2950 0
1543 2460 0
1554 1181 0
1545 735 0
1545 922 0
1546 2621 0
1547 281 0
1547 2163 0
1546 484 0
1547 1650 0
1546 1687 0
1546 1976 0
1549 378 0
1548 577 0
1549 2754 0
1549 932 0
1547 1199 0
1552 453 0
1553 1719 0
1552 1764 0
1552 1801 0
1553 62 0
1553 1818 0
1553 2213 0
1553 774 0
1555 80 0
1556 545 0
1555 1619 0
1555 1827 0
1554 2080 0
1557 1499 0
1556 2397 0
1558 1540 0
1557 2315 0
1556 2905 0
1558 108 0
1557 58 0
1564 1432 0
1558 2002 0
1560 1681 0
1560 125 0
1562 152 0
1561 182 21
1560 1403 0
1563 2707 0
1561 2793 0
1562 334 0
1563 515 0
1563 1252 0
1562 1746 0
1563 1884 0
1564 2608 0
1564 953 0
1564 1297 0
1564 1641 0
1564 2654 0
1566 1820 0
1566 914 0
1567 1140 0
1566 1614 0
1566 1909 0
1569 490 0
1568 584 0
1568 2235 0
1570 1344 0
1570 884 0
1571 1073 0
1568 1132 0
1570 1964 0
1569 2104 0
1571 1572 0
1572 1710 0
1574 976 0
1571 1086 0
1578 1449 0
1575 1537 0
1573 2830 0
1574 2423 0
1575 2747 0
1575 461 0
1576 1674 0
1577 1045 0
1576 1608 0
1576 1633 0
1576 1784 0
1578 287 0
1577 2189 0
1577 140 0
1579 1298 0
1580 1255 0
1581 1399 0
1580 1998 0
1581 87 0
1581 866 0
1582 2347 0
1582 428 0
1582 1090 0
1582 1236 0
1582 1567 0
1584 905 0
1585 125 0
1584 954 0
1585 1703 0
1583 2691 0
1584 2779 0
1583 2863 0
1582 2906 0
1586 882 0
1584 1559 0
1585 2259 0
1589 1071 0
1587 1187 0
1586 1373 0
1586 1650 0
1587 2639 0
1588 1900 0
1589 2511 0
1593 1623 0
1590 1769 0
1592 390 0
1591 1716 0
1591 2998 0
1593 585 0
1592 603 0
1593 636 0
1593 1339 0
1597 1490 0
1596 1800 0
1594 1536 0
1594 1665 0
1594 2501 0
1598 2910 0
1595 2586 0
1596 106 0
1597 1117 0
1597 2206 0
1598 556 0
1599 1427 0
1601 1870 0
1600 2811 0
1604 1077 0
1601 1758 0
1603 1368 0
1606 1503 0
1603 526 0
1603 674 0
1602 1638 0
1605 2285 0
1604 2922 0
1606 206 0
1606 1394 0
1603 1795 0
1605 1176 0
1606 2763 0
1608 956 0
1607 1093 0
1609 1791 0
1607 1936 0
1607 2484 0
1609 501 0
1609 851 0
1609 1687 0
1611 1217 0
1615 1431 0
1613 188 0
1613 1113 0
1612 1654 0
1613 295 0
1613 473 0
1612 1066 0
1613 2387 0
1615 970 0
1614 1630 0
1614 2467 0
1615 2911 0
1616 718 0
1615 1743 0
1616 1887 0
1615 2037 0
1615 2570 0
1615 2679 0
1615 2832 0
1618 1252 0
1618 1581 0
1625 1778 0
1620 1486 0
1620 1264 0
1619 2789 0
1620 438 0
1622 1973 0
1620 2998 0
1621 2234 0
1621 2611 0
1621 2752 0
1621 1024 0
1625 1733 0
1629 971 0
1623 1157 0
1624 1331 0
1625 1293 0
1626 2698 0
1627 401 0
1627 1641 0
1630 1540 0
1628 1669 0
1629 145 0
1633 1862 0
1629 2807 0
1632 2318 0
1633 131 0
1636 1453 0
1635 1916 0
1633 2859 0
1635 2998 0
1637 2059 0
1637 1202 0
1639 1418 0
1637 124 0
1637 2120 0
1638 2419 0
1640 2264 0
1642 1354 0
1641 607 0
1642 1656 0
1642 1716 0
1643 1765 0
1642 1878 0
1641 2552 0
1642 589 0
1646 1593 0
1643 565 0
1643 627 0
1647 887 0
1643 2735 0
1645 918 0
1646 1442 0
1645 2016 0
1646 537 0
1647 970 0
1650 512 0
1651 1057 0
1650 2636 0
1650 944 0
1652 1956 0
1653 654 0
1653 1253 0
1654 1607 0
1653 1645 0
1653 1852 0
1653 2341 0
1655 484 0
1655 1401 0
1654 2543 0
1655 1702 0
1655 2497 0
1657 1906 0
1655 2581 0
1658 66 0
1655 783 0
1659 1272 22
1662 1330 0
1658 1431 0
1658 1751 0
1658 2351 0
1660 1453 0
1660 1595 0
1658 1313 0
1661 449 0
1660 2464 0
1661 58 0
1664 1869 0
1663 2899 0
1664 913 0
1665 944 0
1665 1631 0
1665 1734 0
1665 2042 0
1665 2575 0
1667 2088 0
1668 970 0
1667 1387 0
1667 2298 0
1668 2910 0
1669 1090 0
1669 1455 0
1669 2922 0
1671 412 0
1675 759 0
1670 1044 0
1669 2362 0
1670 2786 0
1671 799 0
1671 1306 0
1673 1555 0
1671 1717 0
1671 2998 0
1674 1741 0
1673 1996 0
1677 1346 0
1676 1670 0
1674 1836 0
1676 1414 0
1675 1939 0
1676 1320 0
1676 1613 0
1680 414 0
1680 1894 0
1680 2619 0
1680 610 0
1681 1601 0
1681 2099 0
1680 2239 0
1682 1194 0
1684 1117 0
1682 1405 0
1683 1850 0
1683 1936 0
1683 2318 0
1687 1678 0
1685 1735 0
1684 127 0
1686 475 0
1685 2382 0
1685 2692 0
1689 1256 0
1689 1341 0
1687 2672 0
1692 1359 0
1688 1463 0
1689 1582 0
1693 1455 0
1690 1497 0
1690 2823 0
1691 522 0
1690 548 0
1690 711 0
1691 65 0
1691 1027 0
1693 1078 0
1692 2998 0
1694 2021 0
1692 2183 0
1694 310 0
1693 1424 0
1695 806 0
1696 1565 0
1695 1819 0
1701 635 0
1698 2427 0
1697 2849 0
1699 890 0
1699 906 0
1700 1493 0
1700 1925 0
1700 2515 0
1700 2555 0
1700 2782 0
1704 1465 0
1702 1883 0
1702 2071 0
1701 2336 0
1701 933 0
1702 946 0
1702 1384 0
1702 1726 0
1703 2910 0
1704 1783 0
1704 1835 0
1703 451 0
1705 1626 0
1705 1974 0
1706 2729 0
1705 2998 0
1711 590 0
1705 2966 0
1707 848 0
1708 3098 0
1709 969 0
1708 1100 0
1708 1377 0
1709 250 0
1710 422 0
1711 1455 0
1709 2489 0
1710 1600 0
1708 3128 0
1710 611 0
1711 2821 0
1712 2131 0
1713 2663 0
1713 1245 0
1715 1177 0
1714 2814 0
1716 814 0
1716 1370 0
1717 545 0
1718 391 0
1719 1801 0
1720 2052 0
1718 2758 0
1720 424 0
1721 762 0
1721 1014 0
1718 1286 0
1721 1915 0
1721 2002 0
1719 2209 0
1721 2596 0
1721 2803 0
1723 252 0
1723 1295 0
1722 2354 0
1723 1872 0
1724 2693 0
1723 2821 0
1724 1689 0
1725 2148 0
1729 2470 0
1728 2684 0
1729 2811 0
1732 2910 0
1732 1055 0
1732 1774 0
1734 1816 0
1733 2966 0
1736 1590 0
1733 2781 0
1735 2998 0
1736 710 0
1739 2738 0
1737 471 0
1737 1166 0
1737 1321 0
1738 1410 0
1738 1640 0
1739 2105 0
1740 1072 0
1739 1286 0
1739 1787 0
1739 1950 0
1740 1905 0
1740 2163 0
1742 254 0
1741 1231 0
1741 2035 0
1741 2781 0
1741 2811 0
1741 2822 0
1744 207 0
1747 596 0
1743 2629 0
1744 1715 0
1746 1160 0
1743 2906 0
1746 563 0
1747 763 0
1745 1398 0
1746 1501 0
1745 1696 0
1751 431 0
1748 611 0
1748 1092 0
1747 1341 0
1749 1226 0
1749 1764 0
1756 1801 0
1749 2178 0
1750 425 0
1754 1464 0
1755 1981 0
1755 708 0
1757 903 0
1755 1308 0
1755 2089 0
1756 1153 0
1756 2525 0
1757 2642 0
1758 965 0
1760 1647 0
1760 2509 0
1761 939 0
1763 1012 0
1762 2127 0
1761 2190 0
1761 2323 0
1761 2439 0
1765 1891 0
1765 397 0
1767 865 0
1766 2571 0
1768 1327 0
1772 146 0
1768 1620 0
1768 2717 0
1768 2741 0
1768 2781 0
1768 2821 0
1769 916 0
1768 1714 0
1770 1846 0
1771 469 0
1770 2014 0
1772 2072 0
1774 2119 0
1772 1291 0
1773 1574 0
1772 2910 0
1773 2966 0
1775 1528 0
1774 2998 0
1777 438 0
1777 1142 0
1776 2023 0
1778 1212 0
1784 1459 0
1778 1626 0
1779 400 0
1779 1834 0
1779 1510 0
1781 1921 0
1780 2218 0
1783 978 0
1784 1025 0
1785 256 0
1785 373 0
1786 1314 0
1788 2694 0
1787 1226 0
1787 2414 0
1787 2606 0
1786 1620 0
1790 1359 0
1791 1869 0
1790 2053 0
1792 2233 0
1793 1643 0
1793 2095 0
1792 2157 0
1793 845 0
1796 892 0
1794 1737 0
1794 817 0
1794 1690 0
1795 708 0
1796 766 0
1798 3097 0
1798 129 0
1800 1952 0
1800 2477 0
1801 1262 0
1801 2020 0
1801 1730 0
1801 225 0
1804 1623 0
1804 1698 0
1806 1767 0
1805 852 0
1805 1564 0
1807 2142 0
1808 2665 0
1808 1196 0
1808 1677 0
1809 52 0
1808 438 0
1810 1000 0
1810 1781 0
1811 2184 0
1810 2721 0
1810 2741 0
1810 2781 0
1810 2820 0
1810 1905 0
1811 2911 0
1811 181 0
1812 1344 0
1812 2464 0
1812 2966 0
1812 2998 0
1813 1798 0
1814 2083 0
1815 405 0
1817 958 0
1818 1466 0
1817 1492 0
1816 1667 0
1817 1292 0
1817 1777 0
1819 1214 0
1819 1934 0
1819 2542 0
1821 2527 0
1819 3129 0
1822 375 0
1821 1711 0
1822 1837 0
1821 2203 0
1822 812 0
1822 2125 0
1823 766 0
1825 714 0
1826 2639 0
1825 2500 0
1828 1442 0
1827 2074 0
1826 665 0
1827 1512 0
1829 2164 0
1829 99 0
1830 1315 0
1829 1630 0
1829 58 0
1831 2559 0
1833 321 0
1833 565 0
1834 1250 0
1832 2584 0
1833 1559 0
1833 1981 0
1835 2236 0
1835 976 0
1835 2418 0
1836 133 0
1837 1329 0
1839 471 0
1837 1803 0
1839 2004 0
1838 57 0
1840 447 0
1840 1829 0
1841 1272 0
1841 1423 0
1840 1730 0
1841 973 0
1843 99 0
1844 2484 0
1844 1892 0
1845 2147 0
1845 2183 0
1846 411 0
1846 567 0
1845 1982 0
1848 1047 0
1849 1409 0
1851 1905 0
1851 1998 0
1851 2641 0
1849 2664 0
1851 2720 0
1851 2742 0
1851 2781 0
1851 2819 0
1852 377 0
1851 2570 0
1851 2603 0
1851 168 0
1851 176 0
1854 1752 0
1853 3129 0
1856 2059 0
1857 1885 0
1859 2528 0
1861 1471 0
1858 2134 0
1858 346 0
1859 1179 0
1863 319 0
1861 1924 0
1863 1196 0
1863 1823 0
1862 2587 0
1864 3096 0
1864 720 0
1864 766 0
1864 812 0
1864 879 0
1864 1628 0
1862 2170 0
1865 1003 0
1865 2233 0
1866 1238 0
1866 1564 0
1867 1699 0
1868 1513 0
1868 2415 0
1869 281 0
1869 1264 0
1867 1473 0
1869 1484 0
1867 2170 0
1870 1781 0
1870 2049 0
1871 1734 0
1871 2086 0
1874 1343 0
1873 1351 0
1874 253 0
1874 57 0
1876 1307 0
1876 2998 0
1876 1095 0
1879 2910 0
1880 95 0
1880 451 0
1880 674 0
1880 2718 0
1880 2743 0
1880 2781 0
1880 2818 0
1881 1871 0
1882 2489 0
1881 2529 0
1881 2587 0
1881 2641 0
1881 2693 0
1882 108 0
1884 417 0
1887 1479 0
1883 205 0
1885 182 0
1885 1817 0
1885 2108 0
1887 1973 0
1889 1029 0
1889 164 0
1889 380 0
1889 1889 0
1888 144 0
1890 1741 0
1891 1768 0
1892 350 0
1893 1622 0
1894 610 0
1896 318 0
1897 1910 0
1899 575 0
1898 1993 0
1900 282 0
1903 887 0
1901 1569 0
1898 2430 0
1903 1475 0
1902 1528 0
1902 1717 0
1904 2743 0
1904 129 0
1906 138 0
1906 1449 0
1906 1882 0
1907 1355 0
1910 152 0
1909 1090 0
1910 1421 0
1911 724 0
1910 2121 0
1913 166 0
1912 1175 0
1914 766 0
1914 1790 0
1913 2020 0
1915 464 0
1917 454 0
1917 824 0
1916 1807 0
1919 889 0
1918 1422 0
1919 878 0
1921 423 0
1922 1954 0
1924 2528 0
1923 193 0
1924 1796 0
1923 2491 0
1925 382 0
1926 1570 0
1926 354 0
1929 945 0
1928 2587 0
1929 316 0
1929 2398 0
1935 1730 0
1930 1983 0
1931 2048 0
1930 2641 0
1930 2693 0
1930 328 0
1932 1540 0
1931 2491 0
1937 1870 0
1934 132 0
1937 137 0
1936 980 0
1937 2005 0
1937 76 0
1936 59 0
1939 90 0
1939 1946 0
1942 1488 0
1942 281 0
1942 1172 0
1941 1153 0
1943 1359 0
1944 943 0
1945 1473 0
1944 1609 0
1945 706 23
1945 723 0
1946 1264 0
1946 111 0
1947 646 0
1947 767 0
1948 1427 0
1947 1454 0
1946 1276 0
1949 977 0
1949 1317 0
1950 1696 0
1951 825 0
1952 2037 0
1951 2078 0
1952 129 0
1954 256 0
1954 1012 0
1955 861 0
1957 460 0
1956 1649 0
1956 2204 0
1956 722 0
1959 1934 0
1958 1972 0
1960 895 0
1959 2153 0
1961 153 0
1962 1803 0
1963 1079 0
1964 1743 0
1966 659 0
1967 222 0
1969 940 0
1970 336 0
1973 1998 0
1973 2058 0
1974 2814 0
1975 205 0
1976 457 0
1975 665 0
1977 974 0
1976 1957 0
1976 2186 0
1978 1166 0
1980 1856 0
1979 59 0
1980 2749 0
1981 261 24
1982 2139 0
1982 2373 0
1985 1753 0
1985 2022 0
1986 2529 0
1985 1012 0
1992 2153 0
1990 1033 0
1989 1230 0
1992 1567 0
1990 2489 0
1992 159 0
1992 1690 0
1993 344 0
1993 2036 0
1995 207 0
1994 1805 0
1994 2750 0
1995 2816 0
1995 2784 0
1998 1073 0
1999 1433 0
2003 128 0
1999 1472 0
2001 1917 0
2018 460 0
2005 1995 0
2002 59 0
2003 1458 0
2004 1634 0
2006 1485 0
2006 2489 0
2006 1608 0
2004 2253 0
2004 2525 0
2006 1705 0
2009 896 0
2009 1845 0
2009 2357 0
2009 2418 0
2011 2095 0
2012 2910 0
2012 1765 0
2013 936 0
2014 1368 0
2015 2692 0
2015 1158 25
2018 1549 26
2015 2142 0
2014 59 0
2016 971 0
2020 826 0
2017 979 0
2020 138 0
2021 2712 0
2024 209 0
2026 1324 0
2026 825 0
2028 2736 0
2030 355 0
2029 1992 0
2029 2091 0
2029 1730 0
2031 1588 0
2034 1906 0
2033 2963 0
2036 276 0
2037 1279 0
2037 2784 0
2037 894 0
2037 1806 0
2039 1369 0
2039 732 0
2040 1423 0
2041 1462 0
2040 2222 0
2042 2814 0
2041 331 0
2042 936 0
2040 2167 0
2042 1434 0
2044 1779 0
2044 1831 0
2046 970 0
2046 1633 0
2047 104 0
2050 1480 0
2052 134 0
2053 1489 0
2052 1753 0
2055 1039 0
2058 2075 0
2058 2910 0
2060 1067 0
2060 1675 0
2063 1287 0
2063 1974 0
2065 213 0
2064 2027 0
2070 1149 0
2068 2678 0
2070 1705 0
2071 2419 0
2071 2489 0
2071 2529 0
2072 2692 0
2071 262 0
2072 1436 0
2072 1462 0
2073 1420 0
2074 1535 0
2073 2095 0
2074 1368 0
2074 3043 0
2075 1328 0
2076 1480 0
2076 2706 0
2078 59 0
2079 781 0
2079 2105 0
2085 804 0
2081 1737 0
2082 1253 0
2084 1437 0
2087 1798 0
2088 1814 0
2088 2008 0
2090 463 0
2089 787 0
2089 814 0
2089 940 0
2091 871 0
2090 1065 0
2093 1575 0
2096 3093 0
2096 929 0
2098 2417 0
2104 801 0
2098 960 0
2099 1418 0
2097 1588 0
2098 1786 0
2100 1329 0
2101 2768 0
2101 1368 0
2101 1462 0
2102 615 0
2105 1806 0
2102 1888 0
2104 859 0
2106 836 0
2108 1669 0
2107 3127 0
2111 1330 0
2110 1416 0
2112 2083 0
2114 1718 0
2114 1826 0
2115 835 0
2114 1064 0
2115 1368 0
2118 1462 0
2117 1145 0
2117 2814 0
2119 1595 0
2117 2098 0
2120 2045 0
2119 2094 0
2122 1842 0
2124 131 0
2124 220 0
2124 274 0
2125 1488 0
2125 177 0
2124 284 0
2126 1509 0
2127 1710 0
2127 1797 0
2128 2321 0
2128 2418 0
2128 2530 0
2128 2671 0
2128 2691 27
2128 2760 0
2128 2814 0
2128 2910 0
2128 3012 0
2128 3092 28
2130 1558 0
2133 1968 0
2135 1883 0
2136 797 0
2136 832 0
2135 917 0
2136 1463 0
2138 961 0
2140 1603 0
2140 1984 0
2141 1487 0
2140 1790 0
2141 2216 0
2144 1505 0
2142 2201 0
2145 1002 0
2145 2770 0
2146 2733 0
2146 2803 0
2146 2840 0
2146 2874 0
2147 2201 0
2153 1556 0
2158 1333 0
2156 1368 0
2157 1837 0
2157 1412 0
2158 1062 0
2157 1212 0
2159 2031 0
2160 1779 0
2160 59 0
2159 1455 0
2164 1970 0
2164 224 0
2163 268 0
2164 1109 0
2166 182 0
2166 1144 0
2165 1180 0
2167 148 0
2167 1865 0
2168 1254 0
2169 1878 0
2170 1276 0
2170 1896 0
2173 2733 0
2173 2770 0
2173 2803 0
2173 2839 0
2174 1333 0
2174 2873 0
2174 2946 0
2174 58 0
2173 2708 0
2178 1369 0
2185 105 0
2183 1410 0
2184 2101 29
2184 647 0
2184 2031 0
2188 2086 0
2189 1462 0
2190 2073 0
2192 1063 0
2192 1488 0
2193 469 0
2193 1105 0
2191 1502 0
2194 1143 0
2194 1554 0
2195 1180 0
2195 1212 0
2193 1498 0
2193 1507 0
2195 1619 0
2196 1253 0
2196 1684 0
2197 1275 0
2197 2972 0
2198 1839 0
2198 1866 0
2199 1758 0
2200 291 0
2199 1891 0
2198 1896 0
2201 75 0
2201 228 0
2201 315 0
2200 1782 0
2200 1798 0
2202 2771 0
2202 2803 0
2202 2839 0
2202 2873 0
2202 2941 0
2205 770 0
2206 2984 0
2211 169 0
2211 187 0
2214 2030 0
2214 1014 0
2216 1061 0
2216 1782 0
2216 1797 0
2216 1840 0
2216 1866 0
2216 1892 0
2216 1035 0
2217 1102 0
2218 1142 0
2216 1963 0
2219 1180 0
2220 1212 0
2221 1252 0
2221 1277 0
2222 295 0
2223 3023 0
2225 1783 0
2226 1796 0
2226 472 0
2226 1840 0
2226 1433 0
2227 2970 0
2230 1459 0
2233 1489 0
2234 1503 0
2235 1782 0
2235 1796 0
2235 1840 0
2236 1553 0
2236 2771 0
2236 2803 0
2236 2838 0
2236 2873 0
2236 2931 0
2235 1747 0
2237 2692 0
2237 2706 0
2238 1613 0
2238 2088 0
2238 2105 0
2239 1967 0
2239 2030 0
2239 3086 0
2239 2077 0
2239 2984 0
2240 3064 0
2246 233 0
2245 473 0
2246 638 0
2246 457 0
2247 1841 0
2246 447 0
2248 1892 0
2250 1426 0
2251 2999 0
2251 395 0
2254 191 0
2254 1142 0
2255 1180 0
2255 2935 0
2256 1061 0
2256 1212 0
2256 1251 0
2257 1282 0
2257 2417 0
2258 234 0
2256 2426 0
2259 754 0
2260 1804 0
2259 1841 0
2259 2312 0
2262 139 0
2260 1816 0
2262 2944 0
2264 2746 0
2264 2771 0
2264 2802 0
2264 2838 0
2264 3013 0
2263 3127 0
2265 2872 0
2265 2917 0
2266 1099 0
2266 1792 0
2267 1892 0
2267 1968 0
2268 2030 0
2268 2078 0
2268 2088 0
2269 198 0
2268 1904 0
2269 2107 0
2274 1812 0
2273 2957 0
2273 458 0
2275 1847 0
2276 476 0
2276 1338 0
2278 1140 0
2277 1421 0
2282 1453 0
2278 1492 0
2278 1400 0
2279 1505 0
2279 2718 0
2279 2746 0
2279 2770 0
2281 3034 0
2282 1799 0
2283 148 0
2284 2970 0
2282 526 0
2286 308 0
2286 2235 0
2289 1180 0
2287 2928 0
2289 2771 0
2290 2310 0
2290 2801 0
2290 2838 0
2290 2872 0
2289 2295 0
2290 2900 0
2290 56 0
2292 1827 0
2292 1867 0
2292 1787 0
2295 148 0
2295 2938 0
2295 2984 0
2297 1209 0
2296 2533 0
2296 2480 0
2297 2618 0
2301 2687 0
2299 2719 0
2300 2747 0
2300 2769 0
2301 2799 0
2302 2836 0
2303 1878 0
2303 2857 0
2306 216 0
2306 2950 0
2308 1253 0
2308 1903 0
2307 2030 0
2305 2079 0
2308 1968 0
2311 2765 0
2312 445 0
2312 1846 0
2312 2795 0
2312 1786 0
2313 2685 0
2313 2834 0
2313 1803 0
2317 1209 0
2315 2907 0
2317 1289 0
2316 2879 0
2317 1611 0
2318 2940 0
2316 3133 0
2318 2964 0
2317 59 0
2320 479 0
2322 2419 0
2322 2480 0
2322 2532 0
2323 2737 0
2323 2709 0
2323 1835 0
2326 2621 0
2327 2788 0
2329 1338 0
2328 1862 0
2328 2977 0
2331 2754 0
2332 1704 0
2331 1771 0
2334 1254 0
2333 2731 0
2333 2926 0
2334 1560 0
2334 1610 0
2332 2692 0
2335 1512 0
2334 1823 0
2335 2703 0
2335 2819 0
2336 1493 0
2337 1291 0
2336 914 0
2338 959 0
2338 1456 0
2339 1014 0
2341 623 0
2341 1060 0
2341 1393 0
2341 1406 0
2342 1855 0
2343 2779 0
2343 731 0
2344 2856 0
2346 1114 0
2347 1499 0
2347 1707 0
2347 2726 0
2349 2417 0
2350 2030 0
2349 2875 0
2351 1904 0
2351 1968 0
2351 2079 0
2353 2681 0
2354 2743 0
2353 3002 0
2355 2805 0
2354 2955 0
2361 1513 0
2358 1799 0
2358 1173 0
2360 1207 0
2360 1903 0
2359 1850 0
2362 1109 0
2365 2767 0
2365 2864 0
2368 1255 0
2369 2835 0
2368 3090 0
2370 1839 0
2376 2968 0
2373 199 0
2373 2655 0
2375 1296 0
2376 1520 0
2376 1708 0
2376 1779 0
2376 2669 0
2376 2791 0
2378 2732 0
2378 2419 0
2378 2480 0
2378 2532 0
2378 1735 0
2379 2443 0
2382 2110 0
2384 2883 0
2384 2125 0
2388 2030 0
2388 2080 0
2389 1904 0
2389 1968 0
2390 2818 0
2392 2890 0
2393 944 0
2394 2215 0
2394 2220 0
2399 1167 0
2401 271 0
2403 1542 0
2400 1737 0
2402 2533 0
2401 1814 0
2403 1710 0
2403 2720 0
2403 2852 0
2403 2878 0
2406 1256 0
2407 1206 0
2407 1902 0
2408 1288 0
2410 1782 0
2412 2648 0
2412 3001 0
2412 2800 0
2412 58 0
2414 1538 0
2416 994 0
2416 1088 0
2416 1334 0
2416 2868 0
2421 2918 0
2418 486 0
2419 2479 0
2424 2081 0
2419 2106 0
2418 434 0
2420 3018 0
2419 3120 0
2425 1712 0
2424 1740 0
2425 1779 0
2425 1812 0
2425 1876 0
2425 1914 0
2425 1968 0
2426 2030 0
2427 2097 0
2427 483 0
2431 1026 0
2431 1332 0
2432 2929 0
2433 2976 0
2436 2780 0
2436 2493 0
2438 2703 0
2437 2891 0
2438 1146 0
2440 164 0
2446 1058 0
2447 2332 0
2447 2383 0
2446 2486 0
2447 2799 0
2449 391 0
2449 488 0
2450 1968 0
2452 1073 0
2451 1888 0
2451 1933 0
2451 2697 0
2453 1575 0
2452 2485 0
2454 2531 0
2454 2808 0
2455 2951 0
2454 2186 0
2456 606 0
2454 821 0
2457 1203 0
2457 2075 0
2457 2611 0
2458 417 0
2457 2567 0
2460 1252 0
2461 1563 0
2463 2692 0
2462 866 0
2462 3051 0
2464 2757 0
2467 1553 0
2468 2822 0
2469 628 0
2471 921 0
2470 1812 0
2472 2618 0
2472 2686 0
2473 2751 0
2477 1777 0
2476 2523 0
2475 625 0
2479 970 0
2480 1122 0
2481 2358 0
2484 1000 0
2488 2842 0
2485 2679 0
2486 2550 0
2488 490 0
2491 1038 0
2493 2738 0
2491 1909 0
2495 1056 0
2494 2506 0
2493 2861 0
2493 2906 0
2500 365 0
2503 2593 0
2500 2666 0
2501 1742 0
2504 693 0
2502 2116 0
2507 1179 0
2507 911 0
2508 2761 0
2509 849 0
2509 2536 0
2509 2725 0
2510 2490 0
2513 1848 0
2514 1480 0
2515 1323 0
2516 957 0
2516 1048 0
2519 1343 0
2521 2774 0
2521 1815 0
2524 2648 0
2525 2713 0
2524 2988 0
2528 2578 0
2526 2470 0
2529 1023 0
2530 1230 0
2529 1386 0
2531 2785 0
2530 643 0
2534 1097 0
2533 1500 0
2535 1039 0
2535 1557 0
2538 2518 0
2537 1781 0
2539 667 0
2540 1940 0
2539 2792 0
2541 1438 0
2541 808 0
2543 681 0
2543 2899 0
2545 1582 0
2547 2404 0
2548 2442 0
2548 2696 0
2552 1603 0
2549 698 0
2550 750 0
2554 330 0
2554 1871 0
2554 2311 0
2554 2627 0
2555 1940 0
2556 650 0
2557 1032 0
2558 1155 0
2557 1620 0
2559 2556 0
2564 808 0
2564 2501 0
2564 2564 0
2565 1310 0
2564 1832 0
2565 1873 0
2567 1482 0
2568 2418 0
2570 671 0
2571 1324 0
2575 1790 0
2578 1084 0
2578 1207 0
2577 2672 0
2585 2371 0
2587 2608 0
2588 392 0
2587 878 0
2589 1535 0
2590 608 30
2589 2442 0
2592 2475 0
2595 2535 0
2597 1463 0
2598 1565 0
2602 1133 0
2602 1632 0
2601 1641 0
2603 2547 0
2606 2391 0
2607 658 0
2609 2470 0
2607 2646 0
2614 536 0
2614 2052 0
2613 2864 0
2616 947 0
2617 1081 0
2618 1688 0
2619 2265 0
2619 2526 0
2622 608 0
2622 1124 0
2624 2590 0
2624 1186 0
2623 718 0
2632 1475 0
2632 58 0
2632 68 0
2634 2521 0
2637 507 0
2636 2619 0
2638 644 0
2640 1004 0
2640 2422 0
2638 2463 0
2639 729 0
2641 2351 0
2643 1679 0
2645 1510 0
2646 780 0
2648 2373 0
2652 598 0
2651 2516 0
2654 870 0
2661 2420 0
2663 1059 0
2662 1552 0
2663 1272 0
2667 2442 0
2667 2512 0
2668 490 0
2668 2524 0
2669 713 0
2670 1685 0
2669 2244 0
2671 2455 0
2671 1670 0
2675 2564 0
2671 798 0
2674 927 0
2675 1657 0
2676 2238 0
2679 710 0
2680 2419 0
2680 2114 0
2682 868 0
2681 2341 0
2684 2367 0
2688 2507 0
2686 2108 0
2688 323 0
2688 1118 0
2689 2417 0
2691 587 0
2690 1617 0
2691 1263 0
2693 2516 0
2693 239 0
2693 1629 0
2699 256 0
2698 908 0
2699 998 0
2699 919 0
2700 1278 0
2699 2227 0
2699 2068 0
2702 1649 0
2701 2368 0
2700 2422 0
2707 2503 0
2705 2417 0
2705 697 0
2707 779 0
2707 1661 0
2708 2335 0
2711 1035 0
2710 2354 0
2712 2369 0
2710 2529 0
2716 2417 0
2719 300 0
2727 2500 0
2725 2522 0
2726 2565 0
2728 997 31
2726 2507 0
2734 683 0
2737 1024 0
2734 2323 0
2741 862 0
2741 1384 0
2744 441 0
2751 1061 0
2753 559 0
2751 1379 0
2753 1424 0
2755 2414 0
2762 747 0
2767 2412 0
2767 2385 0
2769 2496 0
2770 425 0
2771 1054 0
2775 1333 0
2777 779 0
2779 2388 0
2780 989 0
2781 661 0
2781 1412 0
2785 201 0
2786 1158 0
2785 2605 0
2787 2461 0
2787 1520 0
2788 2507 0
2791 1330 0
2794 730 0
2795 987 0
2801 1111 0
2804 1568 0
2804 2428 0
2805 2470 0
2808 1221 0
2810 2160 0
2814 2403 0
2814 1237 0
2814 1141 0
2813 2653 0
2817 1604 0
2818 1034 0
2819 1366 0
2821 1615 0
2822 2436 0
2825 1099 0
2825 1632 0
2829 2374 0
2830 2535 0
2829 2636 0
2834 2410 0
2834 2362 0
2834 796 0
2835 684 0
2837 2350 0
2838 1129 0
2839 2486 0
2841 979 0
2838 1433 0
2843 381 0
2843 703 0
2842 1314 0
2842 2395 0
2845 1088 0
2844 2293 0
2847 2382 0
2850 2369 0
2849 1482 0
2854 1535 0
2856 2451 0
2857 1354 0
2858 1116 0
2859 1017 0
2859 2300 0
2860 2259 0
2863 975 0
2863 641 0
2867 2199 0
2868 2424 0
2870 2376 0
2872 1012 0
2874 1198 0
2874 1531 0
2875 2262 0
2874 2409 0
2876 2307 0
2876 782 0
2878 2539 0
2879 1580 0
2880 681 0
2881 1427 0
2880 2397 0
2884 1070 0
2885 1592 0
2885 2385 0
2886 2523 0
2892 2272 0
2895 1191 0
2895 1574 0
2895 608 0
2895 1094 0
2896 2317 0
2896 1065 0
2896 1740 0
2902 1519 0
2901 1205 0
2900 1586 0
2901 1722 0
2902 2224 0
2903 2391 0
2910 2474 0
2910 1088 0
2914 662 0
2914 2544 0
2916 2445 0
2917 768 0
2919 2429 0
2920 962 0
2920 1565 0
2919 2478 0
2924 2415 0
2926 1576 0
2924 1114 0
2929 2404 0
2926 2332 0
2931 1560 0
2936 1920 0
2931 2419 0
2933 1281 0
2936 1572 32
2940 1648 0
2944 1658 0
2951 2460 0
2953 1326 0
2952 1779 0
2953 580 0
2956 1065 0
2959 1639 0
2958 2439 0
2965 2265 0
2967 753 0
2967 1097 0
2968 1636 0
2967 1662 0
2968 1773 0
2974 1655 0
2978 1389 0
2987 1630 0
2990 1856 0
2997 1169 0
2998 1313 0
3001 107 0
3001 278 0
3001 557 0
3001 742 0
3001 942 0
3001 1041 0
3001 1154 0
3001 1247 0
3001 1379 0
3001 1538 0
3001 1553 0
3001 1624 0
3001 1638 0
3002 1142 0
3002 858 0
3002 1452 0
