4301 7209
29 1 17
54 2 53
33 3 81
33 4 24
32 5 83
32 6 21
36 7 27
28 8 18
24 9 6
31 10 19
35 11 71
40 12 33
50 13 39
62 14 62
55 15 50
129 16 151
18 17 16
53 18 96
53 19 49
103 20 115
41 21 37
27 22 11
34 23 23
39 25 21
38 26 31
34 27 67
38 28 20
66 30 53
58 31 35
46 32 15
39 33 26
48 34 13
37 35 10
59 36 28
64 37 37
43 38 16
57 39 73
61 40 29
67 41 33
52 42 16
70 44 38
49 45 38
57 46 21
36 47 88
154 48 144
74 49 39
56 50 12
55 51 91
65 52 20
73 53 60
90 54 45
83 55 34
80 56 28
91 57 41
71 58 21
69 59 17
76 60 21
81 61 25
72 62 14
90 63 63
68 64 28
88 65 34
79 66 14
123 67 72
107 69 49
104 70 45
112 71 53
113 72 53
110 73 87
78 74 36
84 75 30
96 76 26
81 77 11
101 78 36
88 79 15
95 80 24
95 81 32
403 82 342
116 83 49
89 84 19
78 85 123
92 86 14
118 87 48
97 88 21
93 89 26
118 90 80
117 91 38
97 92 16
65 93 37
80 94 39
120 95 39
93 97 49
218 98 133
117 99 45
86 100 24
134 101 43
81 102 33
110 103 27
156 104 65
92 105 26
114 106 11
139 107 43
143 108 67
138 109 41
142 110 46
143 111 78
128 112 22
145 113 41
133 114 26
131 115 23
191 116 84
158 117 53
149 118 43
112 119 35
126 120 27
123 121 31
140 122 22
130 123 98
129 124 26
132 125 9
136 126 37
141 127 37
143 128 27
257 129 138
134 130 35
153 131 26
164 132 58
131 133 36
138 134 54
148 135 18
144 136 34
129 137 43
221 138 85
162 139 50
161 141 52
192 142 56
172 143 26
189 144 52
148 145 24
158 146 31
171 147 28
155 148 31
164 149 19
184 150 42
203 151 59
162 152 14
165 153 29
213 154 61
156 155 11
163 156 14
167 157 42
198 158 40
153 159 7
187 160 28
188 161 65
168 162 18
199 163 40
204 164 43
182 165 20
169 166 15
174 167 30
176 168 21
195 169 23
180 170 29
186 171 19
196 172 23
201 173 45
180 174 10
220 175 45
212 176 34
165 177 23
181 178 27
189 179 26
234 180 55
211 181 26
190 183 8
219 184 55
214 185 28
205 186 19
224 187 33
196 188 26
225 189 36
233 190 56
265 191 81
216 192 25
222 193 27
226 194 36
236 196 43
240 197 48
215 198 15
193 199 29
178 200 32
219 201 18
142 202 162
213 203 38
246 204 45
231 205 33
210 206 9
241 207 38
130 208 84
179 209 31
212 210 14
222 211 30
244 212 39
250 213 41
243 214 35
229 215 18
180 216 62
235 217 27
296 218 91
232 219 29
232 220 16
207 221 47
227 222 20
217 223 57
205 224 40
249 225 31
266 226 40
230 227 11
213 228 57
260 229 38
199 230 32
248 231 16
273 232 41
339 233 107
251 234 19
282 235 46
255 236 39
261 237 24
244 238 23
249 239 26
290 240 55
283 241 43
287 242 46
260 243 35
277 244 34
250 245 17
275 246 31
254 247 14
263 248 18
261 249 35
228 250 84
232 251 44
227 252 27
257 253 117
269 254 16
297 255 46
281 256 39
390 257 126
275 258 36
273 259 31
301 260 45
271 261 43
302 262 46
286 263 24
269 264 16
284 265 21
276 266 31
282 267 28
272 268 14
284 269 50
274 270 25
237 271 50
277 272 23
308 273 40
300 274 32
341 275 61
319 277 42
248 278 30
289 279 13
245 280 34
309 281 32
288 282 26
293 283 15
400 284 101
301 285 36
315 286 29
294 287 12
295 288 23
293 289 27
292 290 9
303 291 20
345 293 43
257 294 140
304 295 23
363 296 59
329 297 28
321 298 19
300 299 26
307 300 23
338 301 40
350 302 45
316 304 25
352 305 39
317 306 33
313 307 13
326 308 16
349 309 33
315 310 13
331 311 24
335 312 20
322 313 16
318 314 11
320 315 21
357 316 36
327 317 23
325 318 21
333 319 11
330 320 26
326 321 35
362 322 35
326 323 19
308 324 42
333 325 28
414 326 70
336 327 17
289 328 35
365 329 33
335 330 13
406 331 73
342 332 24
368 333 32
291 334 36
383 335 43
344 336 28
339 337 10
354 338 17
382 339 37
386 340 40
351 342 21
346 343 29
357 344 25
366 345 18
348 346 40
387 347 32
352 348 100
379 349 26
373 350 47
359 351 15
382 352 187
371 353 67
396 354 38
360 355 17
374 356 25
380 357 24
406 358 41
362 359 16
389 360 25
367 361 19
440 362 65
432 363 53
416 364 39
394 365 24
372 367 16
402 368 23
328 369 38
381 370 10
383 372 24
388 373 63
397 374 15
340 375 64
384 377 20
405 378 19
430 379 40
344 380 39
388 381 19
411 382 88
410 383 17
389 384 19
433 385 40
409 386 17
420 387 25
475 388 70
424 389 24
253 390 157
383 391 20
435 392 50
411 393 36
445 394 41
421 395 25
423 396 20
417 397 20
419 398 28
428 399 23
401 400 26
421 401 54
429 402 25
408 403 11
414 404 38
402 405 34
419 406 19
385 407 64
354 409 72
442 410 31
470 411 53
453 412 68
422 413 20
449 414 32
418 415 23
463 416 43
439 417 22
424 418 20
451 419 42
425 420 13
493 421 86
427 422 14
453 423 30
462 424 37
426 425 17
367 426 48
440 427 30
461 429 29
445 430 41
459 431 32
441 432 34
406 433 63
448 434 11
438 435 8
485 436 43
434 437 12
434 438 16
458 439 17
484 440 38
443 441 20
426 442 50
465 443 86
409 444 38
456 445 42
473 446 28
476 447 95
455 448 12
459 449 39
478 450 25
472 451 20
472 452 25
473 453 33
492 454 36
420 456 35
507 457 43
516 458 52
508 459 44
466 460 46
462 461 33
469 462 29
471 463 9
480 464 14
468 466 11
474 467 25
469 468 33
418 469 42
477 470 8
482 471 36
488 472 23
518 473 43
502 474 26
523 475 45
511 476 35
486 477 14
459 478 66
537 479 55
540 480 56
511 481 123
498 482 38
510 483 36
521 484 35
519 485 32
503 486 44
492 487 17
520 488 28
509 489 26
534 490 37
500 491 28
542 492 43
497 494 15
508 495 33
461 496 35
390 497 165
512 498 39
506 499 9
531 500 27
478 501 85
515 502 12
514 503 51
518 504 34
548 505 39
488 506 47
552 507 42
538 508 27
421 509 82
524 510 27
521 511 46
522 512 27
535 513 19
525 514 43
554 516 31
543 517 25
539 518 32
502 519 47
524 520 51
565 521 35
529 522 16
555 523 29
562 524 32
533 525 20
545 526 41
570 527 37
540 528 12
544 529 52
531 530 16
541 531 37
556 532 38
566 533 52
546 534 29
549 535 33
569 536 29
523 537 66
596 538 47
548 539 15
617 540 85
553 541 32
496 542 55
557 543 10
551 544 22
560 545 32
594 546 41
566 547 17
559 548 23
555 549 40
496 550 45
575 551 40
603 552 37
583 553 68
575 554 19
567 555 22
618 556 61
657 557 73
569 558 38
570 559 24
572 560 36
586 561 23
589 562 25
538 563 88
580 564 15
633 565 50
600 566 27
584 568 45
619 569 36
578 570 8
637 571 76
585 572 38
588 573 15
539 574 30
634 575 39
599 576 40
530 577 40
623 578 34
610 579 21
651 580 49
632 581 33
609 582 21
618 583 50
598 584 40
612 585 18
638 586 32
504 587 74
654 588 43
590 589 37
593 590 11
541 591 43
622 592 18
606 593 32
625 594 22
605 595 7
645 596 31
647 597 34
600 598 37
614 599 32
657 600 88
559 601 31
653 602 35
631 603 56
608 604 17
597 605 20
616 606 21
642 607 24
620 608 11
652 609 28
631 610 13
615 611 22
622 612 20
646 613 19
629 614 18
675 615 43
630 616 34
659 617 29
639 618 20
666 619 35
660 620 27
613 621 20
656 622 22
601 623 33
662 624 26
650 625 13
642 626 27
644 627 15
672 628 34
635 629 12
636 630 13
650 631 40
671 632 31
670 633 30
615 634 44
643 635 17
673 636 38
666 637 46
645 638 32
640 639 14
556 640 57
674 641 38
662 642 40
649 643 29
668 644 22
683 645 34
674 646 80
655 647 20
658 648 13
612 649 22
625 651 44
695 652 36
623 653 38
707 654 44
663 655 18
649 656 24
678 657 33
691 659 31
664 660 31
679 661 36
686 662 43
705 663 35
665 664 27
669 665 25
703 666 42
675 667 22
704 668 38
698 669 22
681 670 9
703 671 26
704 672 26
659 673 33
685 674 21
720 675 33
691 676 27
654 677 57
557 678 92
696 679 25
724 680 34
745 681 55
673 682 32
695 683 47
699 684 36
736 685 73
648 686 31
726 687 28
734 688 36
694 689 25
766 691 62
706 692 9
710 693 43
735 694 30
739 695 37
728 697 26
729 698 26
750 699 51
647 700 38
740 701 33
761 702 54
742 703 73
769 704 89
655 705 49
727 706 30
743 707 38
741 708 40
721 709 33
725 710 33
720 711 24
637 712 107
719 713 4
723 714 19
686 715 44
730 716 20
716 717 39
744 718 29
726 720 40
722 721 22
729 722 25
728 723 32
731 724 21
776 725 49
770 726 46
748 727 19
732 728 19
749 729 34
780 730 56
734 731 14
697 732 31
765 733 44
761 734 43
740 735 28
747 736 24
747 737 14
744 738 53
757 739 20
754 740 41
769 741 28
771 742 27
785 743 45
751 744 52
752 745 27
765 746 16
826 747 68
759 748 16
774 749 34
774 750 18
705 751 59
758 752 36
783 753 37
762 754 23
737 755 56
731 756 34
782 757 32
802 758 44
764 759 17
637 760 106
773 761 20
770 762 37
743 763 48
830 764 64
821 765 58
780 766 22
753 767 33
748 768 16
787 769 50
763 770 57
788 771 21
820 772 43
880 773 79
808 774 32
779 775 31
831 776 48
803 777 15
822 778 37
781 779 25
828 780 36
824 781 31
771 782 23
805 783 24
781 784 33
830 785 36
796 786 22
793 787 12
817 788 19
777 789 17
798 790 4
808 791 32
784 792 36
848 793 36
829 794 23
801 795 18
887 796 62
837 797 29
834 799 25
854 800 36
806 801 12
844 802 27
816 803 8
821 804 23
782 805 28
847 806 27
832 807 19
935 808 82
814 809 16
872 810 41
849 811 77
825 812 22
819 813 13
850 814 28
775 815 34
827 816 11
895 817 53
866 818 32
877 819 37
835 820 51
842 821 15
859 822 38
875 823 30
855 824 21
840 825 8
862 827 36
884 828 36
834 829 31
883 830 29
864 831 19
845 832 25
879 833 26
844 834 40
851 835 33
712 836 121
869 837 19
843 838 14
855 839 33
860 840 17
861 841 40
821 842 20
847 843 13
898 844 36
967 845 75
858 846 7
849 847 9
876 848 18
892 849 30
894 850 36
856 851 12
872 852 22
896 853 30
917 855 39
920 856 39
848 857 19
860 858 4
878 859 13
755 861 84
891 862 20
901 863 28
910 864 31
913 865 33
871 866 46
900 867 25
874 868 20
874 869 23
840 870 20
875 871 14
908 872 37
940 873 45
933 874 39
881 875 54
905 876 22
921 877 30
926 879 28
946 880 41
902 881 15
930 882 30
906 883 17
863 884 31
934 885 28
907 886 15
893 887 17
891 888 37
897 889 22
937 890 25
906 891 32
943 892 27
938 894 26
925 896 37
916 897 21
927 898 14
904 899 22
962 900 33
939 901 25
932 902 13
898 903 31
914 904 24
1026 905 74
930 906 19
936 907 14
945 908 31
935 909 23
903 910 48
950 911 25
963 912 26
961 914 25
951 915 20
870 916 31
929 917 31
957 918 21
920 919 13
960 920 22
965 921 25
955 922 20
940 923 20
942 924 16
947 925 18
929 926 11
956 927 18
968 928 26
1017 929 47
947 930 23
949 931 29
936 932 25
964 933 21
921 934 38
1030 935 48
1001 936 34
980 937 23
926 938 28
1000 939 29
985 940 19
979 941 20
956 942 26
950 943 41
953 944 20
1002 945 28
1020 946 37
1003 947 28
970 948 9
975 949 31
1022 950 33
969 951 9
973 952 27
961 953 21
978 954 13
972 955 8
966 956 32
995 957 18
971 958 7
986 959 13
981 960 11
1008 961 25
1047 962 40
1021 963 29
979 964 26
1033 965 30
903 966 35
1005 967 18
1016 968 22
994 969 10
1013 970 22
970 971 18
988 972 8
1012 973 21
1082 974 62
1002 975 28
997 976 49
866 977 63
1009 978 16
985 979 52
1025 980 21
986 981 16
1032 982 21
991 983 16
1012 984 25
1100 985 56
995 986 25
1030 987 23
1028 988 18
1031 989 21
1018 990 16
1003 991 26
1021 992 13
1048 993 28
1027 994 16
999 995 13
1041 996 17
1014 997 11
1018 998 19
988 999 24
1064 1000 29
1024 1001 9
1049 1002 21
1041 1003 61
1036 1004 31
1026 1005 20
1010 1006 12
1076 1007 30
1058 1008 21
1043 1009 13
983 1011 15
1056 1012 19
1006 1013 20
1061 1014 21
1044 1015 14
1065 1016 22
1040 1017 19
1051 1018 15
1053 1019 13
1088 1020 33
1035 1021 12
1015 1022 35
1144 1023 86
1073 1025 21
1005 1026 56
1059 1027 14
1055 1028 14
966 1029 133
1091 1030 33
1114 1031 42
982 1032 24
1116 1033 42
995 1034 19
1064 1035 31
1083 1036 23
1069 1037 14
1091 1038 44
1019 1039 25
938 1040 50
996 1041 20
1084 1042 27
1089 1043 24
1101 1044 28
1126 1045 42
1051 1046 13
1088 1047 50
1078 1048 17
1072 1049 22
1061 1050 19
1070 1051 15
1090 1052 19
1080 1054 13
1063 1055 15
1077 1056 11
1058 1057 30
1065 1058 37
1095 1059 20
1066 1060 18
1079 1061 21
1043 1062 30
1074 1063 21
1098 1064 35
1073 1065 48
1067 1066 24
1041 1067 35
1107 1068 22
1072 1069 18
1084 1071 10
1112 1072 24
1111 1073 23
1085 1074 20
1034 1075 20
1102 1076 18
1093 1077 27
1093 1078 10
1134 1079 30
1086 1081 11
1122 1082 25
1107 1083 25
1220 1084 64
1095 1085 21
1051 1086 18
1168 1087 38
1129 1088 54
1129 1089 21
1123 1090 16
1123 1091 32
1049 1092 24
1183 1093 37
1125 1094 31
1151 1095 28
1105 1096 12
1117 1097 12
1118 1098 23
1127 1099 15
1139 1100 59
1181 1101 34
1127 1102 34
1071 1103 16
1110 1104 15
1117 1105 23
1164 1106 26
1176 1107 30
1155 1108 29
1133 1109 32
1063 1110 26
1155 1111 24
1166 1112 20
1148 1113 14
1188 1114 30
1116 1115 21
1207 1116 40
1138 1117 26
1146 1118 30
1167 1119 28
1144 1120 13
1143 1121 17
1156 1122 18
1143 1123 22
1165 1124 21
1424 1125 121
1225 1126 41
1150 1127 9
1185 1128 20
1273 1129 55
1138 1130 9
1136 1131 4
1135 1132 11
1175 1133 14
1160 1134 11
1219 1135 44
1157 1137 15
1212 1138 29
1229 1139 36
1192 1140 14
1169 1141 30
1152 1142 26
1184 1143 13
1271 1144 49
1232 1145 34
1176 1146 25
1092 1147 25
1177 1148 10
1199 1149 21
1177 1150 24
1157 1151 10
1174 1152 33
1159 1153 12
1183 1154 24
1196 1155 18
1240 1156 40
1190 1157 38
1175 1158 13
1187 1159 17
1194 1160 10
1205 1161 16
1173 1162 25
1238 1163 30
1172 1164 10
1200 1165 14
1147 1166 26
1210 1167 21
1223 1168 22
1256 1169 33
1202 1170 11
1180 1171 18
1168 1173 30
1263 1174 37
1227 1175 23
1260 1176 32
1194 1177 30
1258 1178 31
1185 1179 24
1265 1181 33
1226 1182 21
1288 1183 42
1161 1184 18
1191 1185 11
1104 1186 32
1212 1187 24
1230 1188 17
1211 1189 15
1246 1190 23
1206 1191 14
1181 1192 34
1204 1193 13
1228 1194 32
1164 1195 11
1208 1196 9
1122 1197 60
1163 1198 30
1249 1199 19
1219 1200 40
1233 1201 15
1228 1202 12
1207 1203 21
1153 1204 24
1236 1206 12
1221 1207 31
1165 1208 22
1235 1209 28
1262 1210 22
1229 1211 17
1287 1212 33
1261 1213 29
1259 1214 16
1222 1215 13
1245 1216 8
1283 1217 25
1251 1218 18
1266 1219 15
1270 1220 21
1225 1221 21
1290 1223 24
1269 1224 21
1244 1225 17
1223 1226 53
1193 1227 39
1278 1228 40
1258 1229 43
1274 1230 22
1267 1231 17
1294 1232 23
1282 1233 19
1260 1234 26
1184 1235 26
1274 1236 20
1249 1237 10
1287 1238 16
1306 1239 25
1275 1240 19
1255 1241 13
1289 1242 17
1264 1243 31
1252 1244 31
1317 1245 30
1318 1246 29
1268 1247 9
1284 1248 16
1285 1249 15
1299 1250 23
1326 1251 34
1266 1252 29
1256 1253 14
1347 1254 31
1179 1255 103
1281 1256 18
1298 1257 17
1383 1258 57
1300 1259 18
1283 1260 26
1295 1261 24
1311 1262 21
1309 1263 17
1335 1264 28
1364 1265 40
1292 1266 48
1293 1267 11
1293 1268 27
1319 1269 21
1296 1270 10
1313 1271 33
1338 1272 28
1320 1273 19
1307 1274 14
1328 1275 27
1316 1276 16
1345 1277 29
1296 1278 10
1332 1279 21
1297 1280 27
1314 1281 17
1309 1282 24
1303 1283 21
1324 1284 17
1286 1285 14
1315 1286 12
1355 1287 29
1304 1288 13
1340 1289 21
1336 1290 19
1290 1291 25
1311 1292 28
1339 1293 17
1321 1294 14
1333 1295 16
1388 1296 39
1301 1297 23
1368 1298 33
1355 1299 32
1329 1300 14
1384 1301 33
1349 1302 18
1326 1303 20
1350 1304 17
1358 1305 21
1359 1306 21
1340 1307 29
1240 1308 41
1347 1309 32
1348 1310 25
1360 1311 31
1369 1312 25
1474 1313 64
1344 1314 13
1342 1315 12
1421 1316 45
1318 1317 29
1293 1318 29
1349 1319 22
1338 1320 35
1268 1321 33
1261 1322 25
1385 1323 27
1353 1324 9
1362 1325 15
1430 1326 42
1352 1327 15
1360 1328 14
1361 1329 11
1324 1330 14
1337 1331 26
1377 1332 20
1322 1333 28
1325 1334 15
1334 1335 16
1346 1336 23
1402 1337 30
1368 1338 32
1408 1339 31
1393 1340 22
1352 1341 21
1330 1342 20
1522 1343 76
1302 1344 22
1411 1345 27
1418 1346 33
1382 1347 19
1392 1348 31
1390 1349 18
1369 1350 13
1323 1351 29
1365 1352 16
1380 1353 15
1350 1354 18
1387 1355 30
1373 1356 16
1358 1357 30
1363 1358 24
1396 1359 16
1458 1360 60
1456 1361 39
1366 1362 15
1386 1363 10
1413 1364 23
1416 1365 34
1334 1366 16
1384 1367 23
1460 1368 35
1436 1369 29
1372 1370 20
1440 1371 32
1382 1372 20
1470 1373 38
1366 1374 14
1413 1375 36
1381 1376 23
1406 1377 31
1461 1378 32
1465 1379 31
1389 1380 11
1390 1381 22
1391 1382 29
1431 1383 15
1423 1384 16
1454 1385 27
1471 1386 32
1441 1387 22
1455 1388 27
1435 1389 24
1394 1390 25
1347 1391 23
1430 1392 37
1493 1393 37
1344 1394 25
1322 1395 30
1422 1396 12
1373 1397 39
1314 1398 34
1391 1399 20
1457 1400 21
1451 1401 20
1462 1402 21
1333 1403 29
1416 1404 27
1370 1405 29
1436 1406 24
1468 1407 22
1446 1408 13
1399 1409 24
1412 1410 4
1442 1411 10
1491 1413 81
1469 1414 18
1475 1415 21
1447 1416 10
1505 1417 32
1481 1418 20
1452 1419 14
1432 1420 13
1489 1421 22
1515 1422 38
1491 1423 22
1459 1424 21
1496 1425 27
1448 1426 11
1484 1427 18
1479 1428 18
1434 1429 23
1453 1430 20
1466 1431 12
1445 1432 15
1450 1433 28
1522 1434 60
1380 1435 25
1526 1436 35
1454 1437 21
1499 1438 23
1514 1439 30
1465 1440 10
1478 1441 12
1443 1442 12
1411 1443 12
1532 1444 26
1504 1445 23
1452 1446 29
1509 1447 25
1476 1448 11
1510 1449 23
1486 1450 31
1423 1451 32
1495 1452 13
1480 1453 22
1527 1454 29
1488 1455 10
1493 1456 46
1435 1457 33
1308 1458 59
1517 1460 26
1523 1461 27
1463 1462 27
1511 1464 20
1485 1465 20
1519 1466 25
1474 1467 36
1475 1468 30
1454 1469 36
1492 1470 18
1472 1471 23
1473 1472 29
1538 1473 33
1616 1474 71
1481 1475 23
1521 1476 20
1525 1477 22
1539 1478 34
1501 1479 28
1549 1480 34
1494 1481 31
1487 1482 7
1482 1483 20
1452 1484 37
1539 1485 38
1516 1486 58
1390 1487 33
1469 1488 37
1520 1489 20
1420 1490 22
1589 1491 109
1502 1492 17
1537 1493 23
1529 1495 18
1508 1496 18
1576 1497 35
1557 1498 29
1543 1499 21
1477 1500 36
1518 1501 30
1404 1502 96
1442 1503 23
1490 1504 29
1528 1505 32
1565 1506 32
1404 1507 42
1527 1508 18
1551 1509 20
1517 1510 27
1562 1511 23
1552 1512 20
1529 1513 30
1544 1514 24
1530 1515 17
1534 1516 36
1573 1517 25
1533 1518 21
1521 1519 44
1561 1520 39
1610 1521 49
1658 1522 71
1587 1523 35
1429 1524 38
1558 1525 15
1566 1526 20
1574 1527 24
1589 1528 33
1622 1529 50
1538 1530 13
1578 1531 26
1548 1532 8
1549 1533 26
1552 1534 34
1582 1535 25
1585 1536 27
1607 1537 47
1541 1538 28
1605 1539 34
1541 1540 23
1472 1541 34
1572 1542 46
1520 1543 40
1583 1544 19
1595 1545 29
1559 1546 17
1617 1547 38
1579 1548 18
1563 1549 28
1584 1550 36
1564 1551 21
1623 1552 40
1555 1553 22
1481 1555 36
1557 1556 25
1619 1557 36
1562 1558 27
1574 1559 19
1575 1560 16
1612 1561 30
1604 1562 28
1566 1563 32
1556 1564 31
1599 1565 20
1618 1566 30
1611 1567 25
1596 1568 18
1577 1569 8
1552 1570 43
1580 1571 15
1375 1572 83
1582 1573 50
1606 1574 22
1581 1575 8
1588 1576 10
1591 1577 22
1627 1578 26
1625 1579 27
1586 1580 4
1637 1581 33
1584 1582 24
1621 1583 22
1590 1584 12
1628 1585 22
1614 1587 22
1624 1588 21
1642 1589 99
1584 1590 23
1609 1591 24
1597 1592 14
1560 1593 19
1602 1594 23
1632 1595 18
1625 1596 34
1606 1597 17
1599 1598 20
1705 1599 51
1547 1600 64
1624 1601 15
1610 1602 20
1635 1603 15
1648 1604 21
1629 1605 13
1656 1606 23
1631 1607 19
1660 1608 26
1634 1609 29
1626 1610 37
1654 1611 22
1640 1612 16
1636 1613 13
1615 1614 31
1616 1615 34
1617 1616 44
1729 1617 113
1669 1618 26
1651 1619 30
1612 1620 26
1649 1621 14
1598 1622 34
1678 1623 29
1648 1624 41
1680 1625 27
1643 1626 36
1673 1627 25
1679 1628 27
1685 1629 32
1637 1630 19
1683 1631 33
1684 1632 27
1641 1633 13
1655 1634 19
1639 1635 22
1692 1636 30
1707 1637 33
1607 1638 28
1703 1639 28
1695 1640 26
1656 1641 14
1516 1642 66
1661 1643 27
1646 1644 22
1704 1645 27
1659 1646 20
1702 1647 25
1692 1648 32
1752 1649 54
1682 1650 17
1716 1651 29
1657 1652 22
1658 1653 48
1668 1654 10
1708 1655 47
1672 1656 22
1564 1657 49
1755 1658 49
1654 1659 33
1710 1660 23
1721 1661 27
1735 1662 36
1670 1663 11
1685 1664 20
1699 1665 15
1690 1666 26
1719 1667 28
1673 1668 49
1708 1669 17
1722 1670 30
1769 1671 47
1676 1672 10
1733 1673 26
1712 1674 14
1720 1675 32
1707 1676 18
1711 1677 19
1642 1678 87
1673 1679 29
1722 1680 19
1711 1681 14
1699 1682 31
1701 1683 13
1679 1684 35
1687 1685 3
1652 1686 30
1734 1688 21
1700 1689 11
1714 1690 23
1703 1691 26
1742 1692 29
1663 1693 15
1723 1694 12
1696 1695 27
1697 1696 32
1736 1697 81
1731 1698 21
1753 1699 26
1717 1700 9
1732 1701 27
1741 1702 22
1760 1703 28
1730 1704 14
1736 1705 16
1759 1707 26
1725 1708 12
1764 1709 29
1766 1710 28
1740 1711 17
1751 1712 20
1688 1713 26
1727 1714 24
1587 1715 62
1709 1716 40
1724 1717 8
1703 1718 45
1747 1719 20
1728 1720 21
1739 1721 34
1766 1722 29
1745 1723 14
1739 1724 19
1743 1725 14
1750 1726 13
1801 1727 35
1746 1728 25
1771 1729 19
1735 1730 27
1693 1731 18
1754 1732 26
1757 1733 21
1758 1734 10
1839 1735 52
1747 1736 24
1767 1737 23
1744 1738 12
1689 1739 25
1750 1740 16
1730 1741 33
1773 1742 21
1798 1743 35
1759 1744 21
1751 1745 23
1777 1746 32
1779 1747 21
1788 1748 26
1784 1749 16
1765 1750 8
1817 1751 35
1768 1752 11
1788 1753 19
1778 1754 28
1756 1755 15
1653 1756 50
1679 1757 35
1798 1758 19
1774 1759 26
1763 1760 29
1695 1761 31
1755 1762 61
1691 1763 31
1785 1764 10
1800 1765 20
1819 1766 30
1796 1767 24
1808 1768 26
1849 1769 41
1715 1771 73
1791 1772 11
1845 1773 46
1785 1774 22
1793 1775 22
1783 1776 11
1794 1777 26
1801 1778 25
1787 1780 9
1810 1781 22
1792 1782 11
1814 1783 21
1800 1784 11
1827 1785 26
1852 1786 31
1823 1787 25
1825 1788 20
1775 1789 23
1809 1790 12
1824 1791 17
1806 1792 15
1804 1793 10
1803 1794 36
1853 1795 28
1838 1796 24
1865 1797 35
1826 1798 24
1881 1799 45
1860 1800 33
1859 1801 32
1837 1802 18
1832 1803 28
1807 1805 21
1782 1806 16
1877 1807 34
1845 1808 21
1862 1809 29
1819 1810 16
1825 1811 27
1823 1812 16
1847 1813 17
1844 1814 20
1796 1815 27
1870 1816 33
1788 1817 31
1589 1818 114
1868 1819 23
1830 1820 17
1786 1821 43
1871 1822 24
1886 1823 35
1843 1824 21
1884 1825 30
1840 1826 12
1856 1827 14
1833 1828 32
1834 1829 29
1910 1830 38
1840 1831 29
1860 1832 29
1913 1833 38
1879 1835 21
1841 1836 11
1876 1837 19
1895 1838 29
1929 1839 42
1826 1840 13
1857 1841 14
1859 1842 29
1867 1843 11
1902 1844 33
1870 1845 12
1868 1846 16
1875 1847 15
1869 1848 11
1855 1849 24
1922 1850 37
1880 1851 21
1801 1852 64
1903 1853 29
1873 1854 10
1883 1856 12
1836 1857 12
1863 1858 22
1932 1859 33
1963 1860 44
1886 1861 23
1906 1862 22
1894 1863 16
1921 1864 26
1969 1865 51
1884 1866 22
1885 1867 13
1905 1868 21
1898 1869 16
1950 1870 35
1891 1871 12
1940 1872 32
1942 1873 32
1885 1874 8
1898 1875 22
1892 1876 28
1896 1877 9
1889 1878 21
1861 1879 26
1890 1880 12
1948 1881 30
1920 1882 19
1916 1883 14
1949 1884 29
1923 1885 17
1901 1886 12
1934 1887 19
1900 1888 4
1904 1889 16
1891 1890 10
1928 1891 16
1910 1892 21
1955 1893 29
1946 1894 20
1964 1895 27
2098 1896 80
1899 1897 11
1916 1898 27
1970 1899 30
1962 1901 35
1936 1902 15
2001 1903 39
1974 1904 26
1958 1905 20
1962 1906 21
1930 1907 20
1939 1908 14
1923 1909 9
1945 1910 13
1937 1911 24
1913 1912 22
1914 1913 23
1919 1914 31
1948 1915 30
1953 1916 39
2122 1917 82
1886 1918 12
2015 1919 42
1953 1920 15
1999 1921 32
1929 1922 34
1971 1923 26
1936 1924 13
1954 1925 13
1979 1926 21
1952 1927 14
1966 1928 16
1941 1929 43
1880 1930 24
1910 1931 14
2002 1932 29
2000 1933 29
1958 1934 21
1938 1935 27
2004 1936 26
1968 1937 12
1987 1938 18
1984 1939 20
1978 1940 26
1969 1941 41
1956 1942 22
1983 1943 18
1973 1944 12
1977 1945 13
1960 1946 11
1961 1947 14
2027 1948 42
1976 1949 12
2055 1950 39
1957 1951 22
1996 1952 21
1983 1953 15
1998 1954 17
2051 1955 35
1951 1956 35
1980 1957 9
2017 1958 22
1989 1959 15
1967 1960 11
2019 1961 23
2009 1962 21
1993 1963 14
2061 1964 36
1977 1965 12
1989 1966 23
2034 1967 26
2031 1968 25
2035 1969 65
2022 1970 19
1986 1971 26
1965 1972 17
1995 1973 10
2006 1974 13
2003 1975 15
2026 1976 19
2050 1977 27
2002 1978 24
2032 1979 21
2028 1980 20
2059 1981 29
1975 1982 13
2058 1983 26
1992 1984 23
2040 1985 18
2065 1986 26
2094 1987 42
2057 1988 28
2022 1989 27
1987 1990 2
2039 1991 17
2013 1992 10
2067 1993 26
2024 1995 9
2048 1996 21
2004 1997 17
2054 1998 20
2051 1999 37
2097 2000 36
2047 2001 15
2073 2002 27
2020 2003 12
1998 2004 35
2031 2005 21
2060 2006 20
2011 2007 21
2038 2008 12
2056 2009 15
2025 2010 9
2012 2011 13
2015 2012 27
2023 2013 11
2045 2014 23
2086 2015 50
2060 2016 18
2042 2017 22
2095 2018 29
2069 2019 18
1982 2020 16
2043 2021 31
2052 2022 27
2053 2023 28
2089 2024 26
2034 2025 12
2082 2026 23
2019 2027 28
1951 2028 27
2044 2029 15
2112 2030 32
2102 2031 25
2033 2032 26
1979 2033 34
2066 2034 8
2071 2035 25
2072 2036 12
2343 2037 128
2132 2038 34
2056 2039 47
2078 2040 15
2053 2041 4
2048 2042 10
2058 2043 15
2050 2044 13
1978 2045 25
2065 2046 23
2115 2047 26
2082 2048 25
2063 2049 15
2093 2050 15
2129 2051 30
2088 2052 23
2089 2054 23
2016 2055 21
2087 2056 23
2087 2057 14
2141 2058 33
2112 2059 42
2099 2060 16
2096 2061 17
2070 2062 13
2020 2063 15
2166 2064 39
2127 2065 25
2134 2067 25
2135 2068 25
2138 2069 26
2109 2071 24
2108 2072 15
2045 2073 25
2083 2074 4
2085 2075 9
2102 2076 21
2122 2077 42
2063 2078 23
2126 2079 19
2113 2080 13
2036 2081 24
2107 2082 20
2093 2084 14
2025 2085 23
2012 2086 28
2136 2087 24
2114 2088 19
2111 2089 20
2119 2090 14
2065 2091 29
2091 2092 25
2105 2093 9
2151 2094 23
2148 2095 23
2159 2096 24
2167 2097 27
2320 2098 118
2055 2099 23
2118 2100 13
2110 2101 12
2134 2102 27
2147 2103 22
1956 2104 53
2161 2105 22
2152 2106 14
2120 2107 10
2144 2108 15
2130 2109 18
2118 2110 10
2137 2111 21
2187 2112 46
2139 2113 23
2192 2114 31
2183 2115 28
2158 2116 21
2145 2117 9
2133 2118 9
2160 2119 20
2174 2120 28
2103 2121 22
2248 2122 52
2117 2123 11
2127 2124 24
2149 2125 9
2087 2126 26
2176 2127 20
2189 2128 26
2173 2129 17
2142 2130 14
2162 2131 29
2151 2132 25
2204 2133 34
2188 2134 24
2200 2135 29
2191 2136 28
2171 2137 12
2165 2138 11
2185 2139 27
2182 2140 18
2193 2141 21
2168 2142 19
2195 2143 35
2203 2144 25
2158 2145 47
2204 2146 26
2186 2147 22
2225 2148 34
2202 2150 23
2180 2151 16
2180 2152 16
2201 2153 26
2121 2154 26
2216 2155 27
2206 2156 22
2197 2157 17
2207 2158 17
2231 2159 29
2227 2160 42
2137 2161 25
2190 2162 25
2174 2163 11
2165 2164 39
2184 2165 8
2220 2166 23
2209 2167 17
2138 2168 19
2228 2169 23
2223 2170 29
2194 2171 10
2185 2172 12
2235 2173 28
2221 2174 25
2203 2175 12
2199 2176 27
2239 2177 27
2219 2178 18
2245 2179 28
2240 2180 41
2227 2181 52
2188 2182 44
2234 2183 22
2168 2184 16
2211 2185 24
2232 2186 25
2248 2187 32
2205 2188 19
2235 2189 37
2233 2190 17
2210 2191 15
2224 2192 12
2218 2193 11
2157 2195 29
2177 2196 28
2195 2197 31
2136 2198 49
2241 2199 17
2264 2200 33
2214 2201 12
2179 2202 34
2215 2203 12
2293 2204 95
2234 2205 40
2220 2206 28
2215 2207 20
2242 2208 15
2247 2209 16
2254 2210 24
2221 2211 11
2240 2212 16
2190 2213 24
2170 2214 28
2238 2215 53
2267 2216 23
2261 2217 23
2271 2218 24
2171 2219 57
2245 2220 36
2237 2221 15
2184 2222 38
2238 2223 8
2292 2224 30
2286 2225 35
2269 2226 24
2152 2227 42
2260 2228 17
2160 2229 57
2246 2230 12
2280 2231 23
2302 2232 41
2285 2234 21
2276 2235 29
2251 2236 28
2289 2237 23
2203 2238 24
2263 2239 11
2306 2240 30
2255 2241 23
2259 2242 16
2259 2243 14
2297 2244 25
2322 2245 35
2291 2246 28
2276 2247 16
2265 2248 11
2272 2249 85
2262 2250 19
2299 2251 29
2273 2252 19
2307 2253 23
2291 2254 16
2325 2255 32
2223 2256 16
2273 2257 8
2314 2258 39
2293 2259 12
2339 2260 47
2318 2261 23
2184 2262 36
2282 2263 33
2337 2264 40
2341 2265 39
2274 2266 12
2334 2267 30
2313 2268 38
2310 2269 24
2304 2270 16
2296 2271 9
2313 2272 19
2316 2273 28
2221 2274 30
2302 2275 19
2342 2276 32
2310 2277 26
2287 2278 22
2271 2279 11
2312 2280 16
2327 2281 27
2239 2282 30
2278 2283 33
2336 2284 27
2312 2285 49
2337 2286 36
2206 2287 34
2338 2288 36
2274 2289 28
2214 2290 44
2331 2291 24
2338 2292 23
2298 2293 4
2188 2294 42
2300 2295 9
2311 2296 9
2346 2297 26
2319 2299 17
2321 2300 16
2329 2301 17
2345 2302 22
2359 2303 41
2351 2304 26
2262 2305 39
2390 2306 43
2326 2307 20
2325 2308 23
2311 2309 15
2339 2310 16
2368 2311 36
2353 2312 21
2332 2313 14
2344 2314 27
2357 2315 27
2347 2316 21
2323 2317 21
2370 2318 29
2366 2319 29
2372 2320 28
2340 2321 22
2335 2322 21
2388 2323 39
2369 2324 28
2399 2325 35
2345 2326 19
2396 2327 43
2371 2328 25
2364 2329 23
2357 2330 38
2367 2331 29
2340 2332 28
2367 2333 27
2412 2334 38
2446 2335 52
2379 2336 22
2363 2337 22
2358 2338 15
2359 2339 23
2404 2340 35
2411 2341 43
2324 2342 37
2351 2343 25
2354 2344 12
2394 2345 26
2402 2346 26
2382 2347 18
2386 2348 20
2376 2349 17
2364 2350 25
2372 2351 27
2315 2352 34
2405 2354 21
2418 2355 29
2268 2356 42
2403 2357 20
2421 2358 29
2434 2359 44
2427 2360 28
2430 2361 29
2423 2362 26
2396 2363 23
2392 2364 13
2410 2365 19
2383 2366 6
2391 2367 20
2419 2368 22
2425 2369 34
2447 2370 33
2432 2371 26
2433 2372 26
2381 2373 15
2399 2374 23
2419 2375 29
2409 2376 17
2434 2377 35
2395 2378 10
2414 2380 15
2404 2381 25
2398 2382 20
2391 2384 7
2384 2385 27
2367 2386 40
2455 2387 30
2424 2388 13
2407 2389 8
2436 2390 19
2499 2391 69
2424 2392 22
2451 2393 28
2462 2394 31
2422 2395 22
2428 2396 19
2438 2397 21
2426 2398 13
2431 2399 29
2320 2400 103
2343 2401 28
2478 2402 32
2437 2403 24
2416 2404 20
2410 2405 21
2438 2406 30
2445 2407 55
2463 2408 23
2440 2409 16
2445 2410 15
2484 2411 45
2477 2412 30
2486 2413 27
2460 2414 20
2440 2415 14
2439 2417 10
2431 2418 8
2503 2419 36
2352 2420 39
2497 2421 28
2456 2422 13
2430 2423 47
2481 2424 28
2464 2425 26
2479 2426 22
2480 2427 22
2466 2428 27
2361 2429 50
2557 2430 52
2507 2431 45
2509 2432 34
2401 2433 40
2510 2434 43
2449 2435 18
2457 2436 39
2448 2437 10
2484 2438 19
2518 2439 31
2519 2440 36
2494 2441 23
2487 2442 18
2472 2443 14
2501 2444 24
2552 2445 43
2495 2446 20
2511 2447 26
2485 2448 23
2512 2450 23
2504 2451 19
2482 2452 19
2455 2453 17
2458 2454 18
2461 2455 9
2496 2456 25
2526 2457 92
2468 2458 28
2480 2459 30
2492 2460 11
2489 2461 12
2508 2463 39
2510 2464 27
2508 2465 17
2527 2466 35
2432 2467 55
2473 2468 17
2525 2469 35
2524 2471 22
2513 2472 17
2533 2473 25
2473 2474 27
2474 2475 30
2523 2476 21
2511 2477 40
2537 2478 24
2445 2479 44
2494 2480 25
2522 2481 19
2451 2482 27
2493 2483 25
2565 2484 33
2534 2485 20
2521 2486 15
2516 2487 13
2547 2488 25
2453 2489 21
2532 2490 18
2435 2491 41
2515 2492 11
2548 2493 22
2512 2494 29
2556 2495 27
2542 2496 25
2558 2497 23
2540 2498 16
2506 2499 13
2529 2500 42
2524 2501 34
2409 2502 56
2531 2503 11
2535 2504 13
2485 2505 23
2529 2506 11
2596 2507 37
2561 2508 19
2572 2509 29
2603 2510 49
2537 2511 32
2528 2512 33
2562 2513 19
2543 2514 26
2550 2515 20
2550 2516 18
2551 2517 19
2600 2518 35
2568 2519 24
2533 2520 15
2558 2521 41
2530 2522 19
2583 2523 25
2611 2524 48
2566 2525 23
2540 2526 16
2603 2527 44
2621 2528 38
2543 2529 20
2595 2530 31
2541 2531 8
2498 2532 21
2566 2533 19
2587 2534 24
2553 2535 13
2488 2536 37
2586 2537 25
2614 2538 42
2538 2539 43
2665 2540 61
2508 2541 22
2580 2542 29
2573 2543 16
2585 2544 19
2575 2545 17
2562 2546 15
2484 2547 35
2610 2548 28
2563 2549 10
2579 2550 17
2574 2551 14
2634 2552 35
2609 2553 34
2623 2554 29
2556 2555 18
2557 2556 33
2578 2557 38
2575 2558 29
2576 2559 17
2584 2560 8
2636 2561 36
2599 2562 19
2591 2563 18
2607 2564 17
2612 2565 23
2642 2566 40
2598 2567 16
2624 2568 34
2555 2569 29
2596 2570 16
2610 2571 21
2614 2572 22
2588 2573 16
2617 2574 29
2654 2575 40
2618 2576 20
2592 2577 25
2608 2578 44
2605 2579 13
2641 2580 38
2607 2581 14
2597 2582 18
2545 2583 27
2589 2584 7
2630 2585 24
2626 2586 17
2604 2587 14
2598 2588 20
2644 2590 30
2606 2591 17
2601 2592 28
2526 2593 28
2637 2594 24
2648 2595 27
2649 2596 25
2638 2597 43
2630 2598 44
2635 2599 18
2775 2600 81
2621 2601 35
2673 2602 39
2652 2603 36
2629 2604 14
2635 2605 15
2687 2606 45
2715 2607 53
2436 2608 71
2628 2609 13
2659 2610 26
2647 2611 29
2660 2612 30
2633 2613 20
2640 2614 25
2619 2615 12
2662 2616 28
2658 2617 22
2559 2618 23
2632 2619 29
2640 2620 18
2634 2621 37
2676 2622 30
2646 2623 15
2653 2624 31
2565 2625 33
2666 2626 26
2673 2627 41
2657 2628 22
2671 2629 18
2648 2630 45
2654 2631 26
2692 2632 37
2666 2633 37
2719 2634 44
2656 2635 20
2576 2636 40
2656 2637 17
2642 2638 14
2659 2639 16
2626 2640 60
2682 2641 28
2650 2642 7
2668 2643 13
2688 2644 22
2614 2645 28
2728 2646 36
2709 2647 28
2745 2648 45
2684 2649 21
2753 2650 47
2711 2651 40
2755 2652 53
2714 2653 39
2713 2654 36
2661 2655 18
2680 2656 14
2686 2657 18
2695 2658 19
2703 2659 22
2685 2660 14
2663 2661 24
2679 2662 16
2670 2663 28
2655 2664 20
2705 2665 49
2723 2666 51
2705 2667 19
2694 2668 15
2709 2669 28
2672 2670 25
2712 2671 21
2683 2672 28
2721 2673 21
2625 2674 36
2706 2675 15
2735 2676 26
2664 2677 27
2692 2678 19
2698 2679 12
2707 2680 16
2703 2681 17
2696 2682 11
2700 2683 35
2713 2684 16
2710 2685 32
2727 2686 20
2701 2687 33
2739 2688 24
2710 2689 11
2702 2690 8
2593 2691 88
2757 2692 32
2736 2693 14
2734 2694 23
2729 2695 19
2722 2696 14
2717 2697 9
2662 2698 14
2725 2699 13
2719 2700 37
2781 2701 50
2748 2703 24
2715 2704 11
2706 2705 31
2712 2706 26
2737 2707 19
2729 2708 10
2773 2709 32
2788 2710 35
2743 2711 16
2810 2712 41
2747 2713 21
2750 2714 23
2718 2715 12
2771 2716 24
2761 2717 20
2728 2718 76
2738 2719 9
2724 2720 42
2770 2721 25
2755 2722 23
2765 2723 37
2777 2724 24
2736 2725 14
2778 2726 23
2708 2727 17
2772 2728 21
2752 2729 11
2773 2730 30
2758 2731 13
2751 2732 13
2748 2733 14
2747 2734 10
2749 2735 9
2758 2736 22
2742 2737 12
2814 2738 30
2791 2739 22
2674 2740 30
2655 2741 39
2762 2742 19
2792 2743 30
2653 2744 40
2824 2745 34
2811 2746 26
2796 2747 26
2800 2748 22
2786 2749 18
2793 2750 24
2848 2751 37
2797 2752 17
2863 2754 51
2844 2755 43
2759 2756 20
2823 2757 25
2760 2758 21
2822 2759 26
2731 2760 19
2763 2761 8
2778 2762 17
2815 2763 18
2785 2764 10
2820 2765 21
2767 2766 26
2670 2767 44
2861 2768 46
2690 2769 33
2835 2770 30
2811 2771 22
2805 2772 13
2838 2773 29
2849 2774 44
2813 2775 60
2734 2776 18
2826 2777 21
2858 2778 44
2800 2779 16
2819 2780 26
2850 2781 46
2765 2782 26
2784 2783 16
2794 2784 27
2790 2785 28
2837 2786 21
2816 2787 26
2787 2788 40
2841 2789 28
2815 2790 10
2845 2791 22
2831 2792 24
2844 2793 26
2795 2794 13
2810 2795 23
2812 2796 9
2884 2797 42
2853 2798 29
2830 2799 21
2856 2800 32
2814 2801 29
2817 2802 26
2838 2803 28
2862 2804 33
2860 2805 30
2819 2806 22
2857 2807 28
2826 2808 34
2818 2809 30
2835 2810 45
2854 2811 56
2827 2812 9
2842 2813 14
2833 2814 10
2866 2815 45
2850 2816 25
2858 2817 26
2882 2819 37
2825 2820 7
2849 2821 20
2851 2822 22
2876 2823 29
2864 2824 22
2841 2825 11
2888 2826 53
2889 2827 37
2806 2828 45
2814 2829 31
2856 2830 20
2877 2831 25
2862 2832 27
2892 2833 31
2888 2834 26
2854 2835 41
2843 2836 9
2873 2837 20
2877 2838 33
2899 2839 40
2883 2840 36
2852 2841 10
2875 2842 19
2870 2843 16
2917 2844 45
2873 2845 33
2851 2846 9
2820 2847 12
2891 2848 21
2874 2849 20
2918 2850 42
2909 2851 43
2847 2852 11
2939 2853 40
2771 2854 39
2871 2855 13
2898 2856 24
2860 2857 32
2925 2858 40
2878 2859 8
2942 2860 39
2903 2861 19
2927 2862 29
2892 2863 41
2885 2864 9
2905 2865 20
2889 2866 12
2911 2867 22
2906 2868 21
2854 2869 17
2905 2870 23
2830 2871 21
2902 2872 31
2919 2873 25
2899 2874 17
2956 2875 43
2896 2876 9
2934 2877 32
2928 2878 27
2880 2879 11
2847 2880 18
2842 2881 45
2893 2882 15
2909 2883 17
2891 2884 19
2907 2885 12
2880 2886 84
2882 2887 33
2977 2888 49
2964 2889 53
2951 2890 33
2911 2891 49
2900 2892 6
2780 2893 48
2944 2894 50
2865 2895 20
2946 2896 29
2855 2897 17
2871 2898 22
2916 2899 16
2947 2901 35
2934 2902 33
2976 2903 40
2930 2904 16
2937 2905 22
2935 2906 22
2944 2907 22
2912 2908 16
2962 2909 42
2954 2910 26
2925 2911 27
2850 2912 44
2930 2913 23
2955 2914 22
2936 2915 15
2953 2916 30
2961 2918 33
2965 2919 30
2949 2920 14
2971 2921 33
2962 2922 38
2958 2923 20
2979 2924 27
2948 2925 11
2959 2926 29
2926 2927 24
2927 2928 40
2880 2929 27
3014 2930 58
2884 2931 24
2950 2932 14
2943 2933 31
2945 2934 9
2966 2935 24
2969 2936 30
2958 2937 23
2990 2938 32
3005 2939 39
2942 2940 32
2938 2941 46
3010 2942 38
2892 2943 26
2993 2944 54
2983 2945 25
2960 2946 15
3016 2947 44
2963 2948 9
2957 2949 27
2898 2950 34
2919 2952 30
2967 2953 17
2997 2954 31
2997 2955 33
3128 2956 89
3025 2957 37
3007 2958 36
2992 2959 30
3020 2960 32
3053 2961 48
3033 2962 49
2986 2963 18
3007 2964 24
2932 2965 29
2945 2966 30
3028 2967 39
2948 2968 21
3012 2969 22
2991 2970 20
2989 2971 13
2921 2972 37
2984 2973 9
3029 2974 28
2987 2975 12
3032 2976 30
3031 2977 27
3024 2978 33
3021 2980 24
3008 2981 16
2937 2982 38
3058 2983 38
3026 2984 26
3006 2985 44
2968 2986 22
3026 2987 18
3019 2988 13
3029 2989 40
3049 2990 28
3030 2991 21
3033 2992 26
3020 2993 18
3017 2994 12
2924 2995 94
3013 2996 33
3052 2997 32
3019 2998 8
3028 2999 19
3001 3000 20
3002 3001 40
3003 3002 39
3083 3003 41
3021 3004 29
3009 3005 55
3054 3006 62
3055 3007 26
3067 3008 36
3010 3009 32
3131 3010 64
2998 3011 17
3036 3012 15
3025 3013 30
3052 3014 24
3035 3015 24
3038 3016 20
2968 3017 31
3041 3018 24
3057 3019 29
3047 3020 36
3076 3021 39
3023 3022 15
3034 3023 27
3084 3025 30
3124 3026 50
3061 3027 18
3070 3028 29
3106 3029 42
3069 3030 29
3105 3031 41
3104 3032 39
3078 3033 25
3067 3034 24
3063 3035 19
3091 3036 30
3032 3037 49
3049 3038 47
3069 3039 21
3066 3040 14
3055 3041 14
2986 3042 25
2956 3043 198
3022 3044 17
3098 3045 30
3072 3046 13
3062 3047 22
3086 3048 25
3113 3049 33
3073 3050 12
3111 3051 30
3110 3052 38
3116 3053 33
3066 3054 34
3126 3055 39
3060 3056 24
3061 3057 26
3077 3058 13
3040 3059 42
3071 3060 36
3101 3061 23
3018 3062 28
3075 3063 14
3089 3064 23
3208 3065 88
3134 3066 37
3142 3067 38
3076 3068 13
3095 3069 17
3039 3070 24
3013 3071 31
3164 3072 58
3077 3073 16
3155 3074 44
3127 3075 58
3099 3076 20
3154 3077 38
3079 3078 23
2992 3079 41
3081 3080 22
3138 3081 29
3139 3082 29
3140 3083 29
3096 3084 31
3102 3085 18
3102 3086 16
3088 3087 8
3151 3088 34
3124 3089 23
3103 3090 33
3123 3091 16
3068 3092 14
3143 3093 22
3119 3094 6
3153 3095 35
3098 3096 27
3100 3097 17
3165 3098 33
3166 3099 36
3112 3100 42
3152 3101 22
3144 3102 19
2978 3103 66
3136 3104 46
3104 3105 46
3105 3106 46
3170 3107 39
3163 3108 29
3121 3109 5
3155 3110 33
3070 3111 51
3118 3112 26
3171 3113 35
3175 3114 35
3120 3115 29
3211 3116 61
3128 3117 28
3062 3118 28
3149 3120 28
3161 3122 22
3191 3123 45
3160 3124 19
3153 3125 23
3127 3126 8
3181 3127 34
3150 3128 48
3134 3129 38
3126 3130 36
3133 3131 88
3183 3132 33
3005 3133 68
3147 3134 13
3148 3135 34
3164 3136 64
3146 3137 25
3176 3138 24
3140 3139 37
3133 3140 92
3158 3141 18
3093 3142 39
3201 3143 43
3209 3144 47
3078 3145 30
3216 3146 49
3159 3147 36
3199 3148 37
3173 3149 20
3151 3150 23
3156 3151 18
3195 3152 31
3251 3153 67
3168 3154 20
3183 3155 63
3159 3156 20
3162 3157 30
3180 3158 18
3178 3159 18
3175 3160 24
3190 3161 29
3165 3162 32
3171 3163 53
3167 3164 35
3210 3165 33
3158 3166 21
3072 3167 53
3191 3168 28
3117 3169 31
3196 3170 16
3206 3171 25
3142 3172 60
3149 3173 22
3218 3174 30
3212 3175 33
3216 3176 70
3178 3177 9
3182 3178 14
3173 3179 26
3220 3180 31
3233 3181 36
3187 3182 14
3266 3183 54
3197 3184 8
3238 3185 34
3292 3186 100
3156 3187 26
3231 3188 30
3242 3189 33
3203 3190 11
3224 3191 25
3193 3192 10
3199 3193 31
3249 3194 34
3190 3195 17
3198 3196 11
3243 3197 30
3170 3198 16
3205 3199 41
3228 3200 17
3204 3201 37
3187 3202 27
3265 3203 38
3219 3204 8
3207 3205 28
3218 3206 30
3217 3207 26
3234 3208 15
3215 3209 54
3217 3210 12
3287 3211 53
3267 3212 29
3224 3213 22
3250 3214 21
3145 3215 49
3215 3216 52
3271 3217 40
3229 3218 52
3282 3220 43
3222 3221 5
3246 3223 13
3250 3224 33
3227 3225 14
3225 3226 17
3283 3227 51
3260 3228 21
3235 3229 15
3253 3230 25
3232 3231 19
3247 3233 42
3270 3234 25
3244 3235 19
3206 3236 39
3238 3237 17
3242 3238 44
3118 3239 77
3252 3240 18
3268 3241 21
3249 3242 58
3244 3243 27
3179 3244 41
3247 3245 41
3278 3246 28
3130 3247 73
3212 3248 35
3255 3249 36
3273 3250 28
3273 3251 28
3264 3252 24
3285 3253 27
3291 3254 31
3262 3255 34
3276 3256 19
3236 3257 40
3280 3258 25
3268 3259 63
3279 3260 26
3279 3261 22
3196 3262 41
3286 3263 24
3297 3264 31
3302 3265 32
3306 3266 35
3288 3267 21
3277 3268 10
3275 3269 17
3278 3270 34
3299 3271 23
3289 3272 24
3300 3273 27
3304 3274 21
3301 3275 20
3311 3276 42
3291 3278 38
3312 3279 41
3292 3280 34
3231 3281 36
3323 3282 29
3303 3284 14
3301 3285 54
3292 3286 16
3324 3287 27
3328 3288 27
3300 3289 14
3296 3290 40
3293 3291 21
3334 3292 25
3306 3293 40
3281 3294 64
3333 3295 33
3317 3296 16
3275 3297 46
3321 3298 19
3345 3299 37
3347 3300 56
3341 3301 29
3328 3302 40
3344 3303 36
3305 3304 32
3303 3305 34
3379 3306 62
3314 3307 25
3339 3308 18
3235 3309 54
3350 3310 33
3413 3311 72
3346 3312 24
3297 3313 101
3316 3314 27
3318 3315 26
3374 3316 47
3320 3317 36
3349 3318 28
3280 3319 68
3348 3321 31
3355 3322 28
3368 3323 36
3325 3324 61
3388 3325 62
3347 3326 20
3378 3327 46
3367 3328 32
3364 3329 29
3357 3330 25
3340 3331 20
3281 3332 37
3349 3333 39
3365 3334 39
3297 3335 107
3338 3336 8
3343 3337 6
3373 3339 32
3344 3340 24
3383 3341 41
3381 3342 49
3402 3344 48
3363 3345 24
3382 3346 35
3377 3347 30
3375 3348 30
3370 3349 45
3323 3350 62
3327 3351 53
3285 3352 55
3381 3353 26
3362 3354 30
3364 3355 42
3368 3356 25
3398 3357 35
3404 3358 57
3366 3359 11
3372 3360 18
3365 3361 55
3304 3362 47
3369 3364 34
3360 3366 28
3375 3367 26
3411 3368 44
3336 3369 30
3315 3370 42
3373 3371 30
3374 3372 9
3455 3373 72
3396 3374 46
3407 3375 31
3379 3376 28
3397 3377 21
3471 3378 70
3418 3379 30
3387 3380 30
3428 3381 94
3412 3382 37
3456 3383 59
3412 3384 27
3448 3385 47
3391 3386 14
3407 3387 32
3422 3388 27
3390 3389 40
3466 3390 57
3402 3391 14
3457 3392 53
3409 3393 12
3401 3394 18
3393 3395 16
3419 3396 40
3405 3397 10
3430 3398 27
3420 3399 50
3428 3400 25
3372 3401 26
3429 3402 62
3455 3403 82
3414 3404 11
3451 3405 38
3415 3406 12
3442 3407 33
3385 3408 104
3427 3410 15
3410 3411 16
3452 3412 43
3540 3413 103
3423 3414 19
3406 3415 13
3421 3416 11
3435 3417 16
3426 3419 13
3473 3420 32
3424 3421 31
3465 3422 30
3406 3423 19
3416 3424 23
3440 3425 11
3450 3426 22
3433 3427 20
3439 3428 11
3469 3429 27
3446 3430 14
3447 3431 17
3533 3432 82
3411 3433 17
3476 3434 33
3436 3435 23
3444 3436 9
3462 3437 41
3420 3438 34
3446 3439 38
3447 3440 46
3453 3441 12
3462 3442 13
3454 3443 16
3478 3444 21
3501 3445 44
3498 3446 41
3480 3447 18
3512 3448 49
3470 3449 11
3482 3450 21
3532 3451 67
3503 3452 39
3499 3454 35
3514 3455 43
3508 3456 40
3460 3457 10
3484 3458 16
3511 3459 41
3487 3461 18
3551 3462 69
3485 3463 14
3465 3464 97
3466 3465 112
3467 3466 141
3468 3467 20
3391 3468 56
3470 3469 54
3471 3470 96
3472 3471 102
3399 3472 54
3472 3473 80
3496 3474 23
3483 3475 16
3517 3476 34
3423 3477 32
3477 3478 35
3481 3479 44
3484 3480 24
3424 3481 40
3496 3482 47
3507 3483 28
3487 3484 18
3504 3485 21
3495 3486 15
3542 3487 47
3495 3488 5
3481 3489 41
3521 3490 28
3520 3491 27
3522 3492 27
3523 3493 27
3525 3494 28
3544 3496 41
3524 3497 16
3529 3498 22
3515 3499 28
3531 3500 26
3538 3501 34
3513 3502 32
3534 3503 25
3556 3504 39
3530 3505 46
3500 3506 43
3475 3507 31
3561 3508 37
3508 3509 44
3541 3510 29
3514 3511 34
3543 3512 28
3545 3513 30
3572 3514 44
3517 3515 13
3518 3516 22
3519 3517 18
3552 3518 27
3528 3520 25
3565 3521 29
3566 3522 29
3567 3523 29
3529 3524 36
3568 3525 28
3569 3526 28
3560 3527 28
3497 3529 37
3560 3530 33
3529 3531 41
3535 3532 15
3624 3533 62
3537 3534 42
3537 3535 13
3539 3536 26
3452 3537 73
3576 3538 24
3547 3539 10
3594 3540 33
3583 3541 24
3600 3542 43
3584 3543 24
3604 3544 42
3586 3545 24
3587 3546 25
3544 3548 47
3613 3549 43
3552 3550 22
3549 3551 65
3589 3552 24
3571 3553 14
3579 3554 18
3580 3555 18
3563 3556 24
3590 3557 22
3559 3558 5
3647 3560 95
3573 3561 41
3557 3562 24
3577 3563 16
3578 3564 16
3566 3565 32
3606 3566 34
3607 3567 34
3608 3568 34
3609 3569 35
3643 3570 54
3597 3571 22
3573 3572 18
3511 3573 45
3617 3574 25
3582 3575 21
3582 3576 26
3592 3577 9
3593 3578 10
3595 3579 10
3579 3580 26
3580 3581 26
3772 3582 123
3584 3583 40
3633 3584 36
3581 3585 71
3587 3586 32
3637 3587 36
3550 3588 25
3588 3589 25
3622 3590 62
3630 3591 35
3601 3592 10
3602 3593 9
3623 3594 19
3603 3595 9
3598 3596 26
3620 3597 17
3599 3598 30
3600 3599 14
3679 3600 45
3602 3601 14
3644 3602 25
3626 3603 12
3600 3604 50
3651 3605 28
3652 3606 28
3653 3607 28
3656 3608 29
3657 3609 31
3601 3610 35
3612 3611 14
3680 3612 50
3604 3613 60
3619 3614 11
3614 3615 17
3661 3616 28
3662 3617 29
3621 3618 22
3663 3619 29
3630 3620 17
3591 3621 41
3641 3622 12
3625 3623 16
3773 3624 95
3627 3625 10
3645 3626 12
3660 3628 19
3675 3629 27
3654 3630 17
3670 3631 63
3665 3632 15
3674 3633 24
3637 3634 32
3649 3635 10
3658 3636 38
3638 3637 39
3639 3638 31
3589 3639 36
3642 3640 9
3665 3641 36
3779 3643 84
3659 3644 12
3671 3645 16
3693 3646 31
3685 3647 21
3644 3648 12
3669 3649 15
3681 3650 15
3682 3651 15
3694 3652 26
3695 3653 26
3683 3654 25
3618 3655 44
3696 3656 25
3698 3657 28
3674 3658 41
3684 3659 16
3666 3660 12
3724 3661 41
3722 3662 39
3664 3663 10
3614 3664 30
3718 3665 37
3721 3666 40
3615 3667 31
3684 3668 13
3686 3669 16
3672 3670 18
3700 3671 23
3623 3672 31
3751 3673 53
3690 3674 40
3678 3675 21
3675 3676 32
3679 3677 13
3673 3678 62
3763 3679 58
3711 3680 20
3712 3681 21
3692 3682 10
3621 3683 46
3702 3684 13
3703 3685 12
3705 3686 16
3672 3687 50
3562 3688 85
3667 3689 128
3706 3690 29
3704 3691 12
3713 3692 11
3697 3693 15
3714 3694 11
3715 3695 12
3698 3696 28
3736 3698 31
3685 3699 92
3668 3700 21
3716 3701 14
3718 3703 68
3719 3704 15
3740 3705 29
3733 3706 20
3745 3707 26
3744 3708 26
3749 3709 29
3730 3710 12
3747 3711 25
3713 3712 22
3725 3713 11
3728 3714 11
3731 3715 11
3721 3716 25
3715 3717 21
3810 3718 67
3738 3719 14
3757 3720 26
3788 3721 43
3786 3722 43
3663 3723 37
3789 3724 43
3754 3725 20
3742 3726 34
3748 3727 14
3750 3728 15
3756 3729 23
3747 3730 24
3766 3731 24
3700 3732 29
3690 3733 41
3759 3734 24
3768 3735 20
3780 3736 34
3761 3737 17
3759 3738 19
3807 3739 62
3753 3740 15
3703 3741 91
3672 3742 44
3785 3743 27
3745 3744 52
3821 3745 56
3758 3746 11
3765 3747 13
3764 3748 15
3811 3749 55
3778 3750 16
3735 3751 49
3777 3752 15
3795 3753 32
3746 3754 17
3783 3755 15
3797 3756 36
3805 3757 34
3784 3758 14
3809 3759 56
3763 3760 48
3760 3761 50
3765 3762 11
3767 3763 19
3784 3765 40
3794 3766 22
3782 3767 12
3757 3768 37
3770 3769 45
3833 3770 55
3767 3771 37
3774 3772 46
3779 3773 108
3781 3774 54
3776 3775 13
3771 3776 50
3801 3777 17
3803 3778 22
3949 3779 162
3806 3780 31
3802 3781 16
3813 3782 31
3814 3783 29
3792 3784 17
3819 3785 29
3827 3786 38
3804 3787 18
3800 3788 9
3830 3789 38
3828 3790 37
3762 3791 21
3754 3792 23
3809 3793 40
3817 3794 22
3815 3797 24
3799 3798 35
3733 3799 43
3829 3800 29
3848 3801 65
3857 3802 54
3792 3803 24
3825 3804 25
3846 3805 38
3831 3806 26
3867 3807 51
3872 3808 68
3852 3809 45
3887 3810 67
3730 3811 60
3849 3812 33
3838 3813 30
3842 3814 27
3850 3815 34
3791 3816 23
3803 3817 25
3792 3818 24
3823 3819 24
3823 3820 37
3840 3821 24
3839 3822 22
3862 3823 50
3826 3824 15
3832 3825 9
3834 3826 90
3875 3827 38
3863 3828 36
3848 3829 18
3874 3830 36
3853 3831 27
3845 3832 15
3856 3833 50
3835 3834 5
3886 3836 40
3810 3837 72
3855 3838 11
3869 3839 24
3883 3840 48
3871 3841 24
3868 3842 22
3818 3843 25
3859 3844 20
3859 3845 16
3849 3846 32
3836 3847 39
3873 3848 19
3879 3849 44
3870 3850 15
3816 3851 37
3866 3852 19
3882 3853 30
3887 3854 106
3813 3855 38
3878 3856 32
3896 3857 36
3879 3858 15
3885 3859 28
3880 3860 14
3894 3861 31
3883 3862 21
3876 3863 16
3876 3864 11
3911 3865 41
3917 3866 48
3869 3868 28
3870 3869 39
3871 3870 33
3923 3871 45
3897 3872 26
3898 3873 28
3895 3874 25
3863 3875 52
3909 3876 34
3865 3877 49
3888 3878 32
3960 3879 84
3904 3880 29
3852 3881 31
3918 3882 34
3891 3883 12
3899 3884 13
3860 3885 31
3931 3886 42
3996 3887 184
3896 3888 15
3932 3889 39
3932 3890 37
3901 3891 6
3903 3892 10
3911 3893 26
3898 3895 35
3941 3896 43
3940 3897 43
3897 3898 45
3915 3899 12
3914 3900 12
3902 3901 46
3928 3902 22
3920 3903 18
3881 3904 31
3864 3905 87
3921 3906 27
3916 3907 45
3913 3908 49
3950 3909 56
3912 3910 44
3937 3911 73
3936 3912 30
3846 3913 54
3919 3914 10
3925 3915 10
3954 3916 47
3926 3918 10
3959 3919 73
3934 3920 26
3929 3921 6
3952 3922 36
3927 3923 35
3946 3924 37
3935 3925 13
3899 3926 54
3948 3927 38
3942 3928 23
3933 3930 30
3896 3931 50
3990 3932 75
3938 3933 38
3885 3934 68
3947 3935 18
3955 3936 24
4001 3937 161
3941 3938 18
3956 3939 19
3962 3941 21
3957 3942 21
3880 3943 84
3904 3944 54
3893 3945 51
3969 3946 28
3966 3947 27
3981 3948 48
3982 3949 37
3908 3951 50
3961 3952 46
3964 3953 17
3952 3954 62
3980 3955 30
3967 3956 20
3970 3957 23
3965 3958 33
3977 3959 25
3963 3960 20
3930 3961 37
3978 3962 20
3973 3963 43
3974 3964 13
3981 3965 34
3999 3966 32
3992 3967 27
3904 3968 73
3946 3969 29
3991 3970 31
3978 3971 16
4018 3972 49
3985 3973 52
3984 3974 9
3982 3975 24
4017 3976 44
4012 3977 34
4002 3978 22
3989 3979 25
4007 3980 27
4016 3981 38
3987 3982 14
4000 3983 15
3934 3984 70
3959 3985 42
4006 3986 23
3994 3987 17
3934 3988 74
3993 3989 21
4013 3990 22
4013 3991 29
4019 3992 36
4004 3993 17
4006 3995 58
3945 3996 55
4011 3997 11
4020 3998 68
4021 3999 34
3909 4000 152
3982 4001 22
3971 4002 31
4031 4003 44
3914 4004 96
4008 4005 8
4023 4006 70
4027 4007 36
3969 4008 36
4015 4009 14
3997 4010 39
4029 4012 32
4026 4013 28
4001 4014 22
3963 4015 52
4010 4016 42
4031 4017 49
4050 4018 46
4038 4019 39
4035 4020 27
4049 4021 37
3996 4022 62
4070 4023 67
4030 4024 30
4047 4025 36
4037 4026 31
4037 4027 17
4046 4028 24
4052 4029 35
3989 4030 53
4048 4031 20
4033 4032 9
4008 4034 40
4060 4035 43
4058 4036 32
4061 4037 29
4057 4038 37
4056 4039 35
4091 4040 84
3984 4041 96
4059 4042 57
4072 4043 46
4016 4044 102
4081 4045 50
4055 4046 15
4068 4047 30
4057 4049 29
4031 4050 53
3995 4051 73
4065 4052 35
4054 4053 10
4104 4054 172
4069 4055 17
4077 4056 31
4084 4057 62
4047 4058 36
4072 4059 55
4071 4060 21
4082 4061 33
4079 4062 32
4067 4063 22
4080 4064 27
4073 4065 42
4006 4066 82
4094 4067 36
4100 4068 39
4076 4069 16
4092 4070 28
4090 4071 19
4122 4072 49
4030 4073 64
4102 4074 28
4082 4075 13
4078 4076 12
4138 4077 78
4103 4078 25
4089 4079 10
4083 4080 15
4088 4081 8
4115 4082 41
4087 4083 13
4078 4084 45
4119 4085 37
4109 4086 25
4113 4087 27
4111 4088 24
4118 4089 27
4099 4090 9
4096 4091 8
4107 4092 40
4094 4093 26
4114 4094 17
4103 4095 10
4112 4096 40
4127 4097 34
4072 4098 59
4117 4099 16
4140 4100 62
4105 4101 12
4110 4102 16
4084 4103 52
4106 4104 17
4113 4105 20
4127 4106 44
4109 4107 11
4131 4108 29
4131 4109 78
4141 4110 101
4121 4111 108
4120 4113 12
4124 4114 11
4095 4116 19
4126 4117 11
4144 4119 56
4083 4120 36
4123 4121 19
4134 4122 26
4114 4123 15
4123 4124 15
4116 4125 26
4143 4126 39
4148 4127 125
4132 4128 7
4130 4129 43
4158 4130 61
4134 4131 27
4129 4132 15
4154 4133 47
4139 4134 37
4123 4135 39
4092 4136 59
4141 4137 10
4148 4138 27
4149 4139 20
4154 4140 102
4155 4142 28
4145 4143 12
4163 4144 33
4152 4145 24
4152 4146 12
4161 4147 19
4194 4148 73
4176 4149 47
4162 4150 16
4144 4151 32
4171 4152 36
4164 4153 15
4163 4154 69
4104 4156 92
4173 4157 30
4184 4158 45
4168 4159 18
4166 4160 48
4168 4161 37
4196 4162 51
4195 4163 49
4192 4164 46
4180 4165 24
4175 4166 36
4179 4167 18
4191 4168 34
4172 4169 16
4212 4170 58
4185 4171 20
4196 4172 77
4190 4173 24
4184 4174 21
4178 4175 11
4207 4176 42
4205 4177 38
4228 4178 64
4185 4179 26
4080 4181 155
4186 4182 12
4161 4183 44
4248 4184 117
4197 4185 16
4189 4186 12
4221 4187 42
4195 4188 19
4208 4189 50
4206 4190 20
4204 4191 35
4210 4192 22
4225 4193 44
4287 4194 174
4224 4195 38
4205 4196 40
4200 4197 13
4206 4198 28
4208 4199 15
4201 4200 13
4186 4201 16
4217 4202 49
4223 4203 45
4213 4204 27
4225 4205 73
4235 4206 38
4215 4207 13
4220 4208 17
4218 4209 15
4215 4210 37
4224 4211 40
4243 4212 37
4219 4213 15
4229 4214 15
4232 4216 21
4239 4217 28
4231 4218 18
4226 4219 12
4236 4220 20
4250 4221 42
4230 4222 16
4228 4223 12
4247 4224 34
4281 4225 97
4229 4226 12
4237 4227 12
4241 4228 15
4244 4229 18
4248 4230 31
4220 4231 36
4240 4232 14
4241 4233 12
4247 4234 54
4246 4235 15
4259 4236 30
4242 4238 18
4253 4239 46
4263 4240 76
4256 4241 26
4218 4243 43
4258 4244 26
4254 4245 9
4257 4246 27
4275 4247 97
4273 4248 110
4251 4249 16
4275 4250 50
4255 4251 14
4210 4252 57
4260 4253 11
4262 4255 7
4264 4256 10
4276 4257 43
4255 4258 11
4244 4259 59
4264 4260 12
4283 4261 79
4268 4263 45
4277 4264 64
4272 4265 20
4265 4266 10
4273 4267 21
4285 4268 45
4238 4269 64
4288 4270 48
4276 4271 32
4277 4272 9
4243 4274 64
4289 4275 34
4299 4276 53
4282 4277 19
4272 4278 25
4261 4279 148
4277 4280 19
4294 4281 24
4297 4282 14
4269 4283 125
4240 4284 96
4156 4286 216
4252 4290 81
4271 4291 45
4232 4292 106
4263 4293 68
4260 4295 70
4264 4296 65
4282 4298 15
4275 4300 105
4281 4301 63
66 9 85
44 14 119
150 18 170
31 26 151
45 27 122
42 28 19
35 31 76
36 32 58
87 33 67
61 37 55
79 38 57
99 39 82
50 40 34
49 41 92
84 42 53
55 44 76
78 45 44
59 46 53
183 48 310
62 50 121
89 52 46
157 53 136
87 54 82
72 56 120
69 57 57
60 58 38
75 59 50
66 60 61
80 61 31
70 62 90
58 64 72
86 66 27
74 67 94
83 70 89
64 71 84
174 73 126
130 74 77
122 75 65
86 76 47
92 79 23
124 83 177
168 84 112
66 86 29
99 87 51
127 89 58
169 90 105
107 91 60
141 93 66
136 94 60
172 97 118
146 99 57
109 101 55
41 103 186
116 104 100
122 107 50
115 112 33
94 113 86
115 114 33
139 117 60
146 118 67
143 119 44
147 120 35
223 123 107
253 124 189
149 125 68
160 126 40
176 127 56
131 128 26
165 133 37
207 134 80
179 136 47
184 137 109
151 138 96
197 139 64
194 141 56
231 143 106
145 144 56
178 145 38
160 147 30
181 148 40
185 149 83
157 150 82
154 151 61
183 154 295
193 155 40
201 157 54
197 158 74
143 159 27
179 160 43
194 161 99
191 163 88
214 164 78
206 168 39
204 169 67
187 171 33
248 172 102
192 174 70
194 176 55
186 177 23
193 181 29
242 184 60
198 185 27
209 187 43
256 188 88
200 189 38
218 190 255
217 192 149
255 196 70
206 197 63
211 200 36
220 201 22
245 203 47
243 204 81
177 205 38
375 206 169
239 209 34
238 210 33
226 212 62
229 214 37
240 215 63
234 216 112
259 219 46
234 220 51
245 221 136
295 223 86
239 224 46
237 225 35
256 226 95
337 228 296
247 230 34
143 231 112
296 233 194
267 235 56
281 236 47
200 237 39
268 238 31
270 241 110
259 242 59
285 243 43
266 244 55
285 246 80
264 247 19
264 252 49
265 254 44
278 255 48
298 259 43
290 260 61
311 261 53
251 262 64
312 263 65
401 265 137
291 266 33
306 267 40
314 268 50
299 270 34
252 271 56
238 272 34
302 273 87
280 274 60
338 275 102
291 277 49
310 278 36
283 279 27
322 280 44
297 281 43
317 282 36
299 283 115
330 286 56
298 287 62
327 288 32
340 290 44
332 293 111
467 294 143
336 295 36
392 296 145
310 297 49
308 298 34
332 299 31
342 300 37
344 304 34
337 305 179
351 307 38
329 309 42
347 310 33
356 311 41
374 312 82
359 313 37
377 314 55
361 315 40
328 316 40
355 318 31
334 319 40
367 320 40
436 321 98
343 322 37
360 325 31
350 326 85
347 329 46
372 330 45
358 331 65
399 332 54
378 334 38
479 336 126
386 338 68
363 339 193
413 342 55
491 343 130
399 345 109
500 346 133
500 348 174
365 349 40
431 350 74
422 351 57
583 352 200
384 355 26
419 356 88
369 357 40
385 358 64
427 359 57
368 360 38
425 361 48
392 363 148
379 364 44
387 365 45
378 368 33
380 369 62
410 372 34
450 373 61
451 374 82
466 375 73
415 377 26
394 379 42
457 380 64
418 384 25
479 388 102
402 389 40
417 391 44
403 392 67
339 393 62
460 396 122
452 397 55
413 399 23
464 400 55
480 401 102
434 403 30
454 405 44
432 411 97
431 414 53
468 415 45
430 416 45
452 417 46
528 419 136
446 423 33
429 424 40
522 426 87
482 430 49
450 431 58
464 433 75
443 435 150
449 436 44
448 438 16
391 439 60
458 442 57
460 444 42
498 445 49
505 446 103
543 448 86
495 449 43
475 450 82
499 451 43
439 452 58
504 453 44
461 454 49
512 456 52
490 457 55
488 458 69
527 460 64
454 463 82
602 466 118
494 467 30
496 469 51
532 470 171
526 471 54
505 473 46
485 474 44
484 476 41
507 479 64
545 482 56
491 484 36
495 485 35
613 486 104
546 490 55
526 492 70
558 494 54
510 499 27
621 503 97
527 505 40
534 507 57
535 508 89
617 509 93
590 510 61
572 512 52
523 513 74
568 514 48
520 516 68
644 518 99
581 519 51
530 521 49
585 522 54
584 525 49
576 526 42
630 528 76
592 529 53
556 532 56
598 533 54
579 534 40
552 537 66
519 538 65
636 540 71
576 542 73
611 544 53
599 545 41
604 549 43
624 550 57
615 551 50
579 552 56
725 553 131
573 554 62
665 555 78
637 558 56
614 560 41
573 562 57
577 565 50
641 568 50
581 569 52
635 572 42
628 574 37
588 575 63
680 576 75
591 577 49
602 578 35
594 579 31
597 580 51
586 581 36
795 583 177
685 584 74
592 585 20
596 586 32
589 588 56
677 589 61
692 590 101
710 591 87
611 592 51
510 593 62
633 595 93
609 596 46
736 598 106
688 599 68
737 600 104
574 601 39
626 602 37
699 603 73
655 605 36
692 606 65
624 607 38
620 609 51
625 610 35
667 611 41
643 612 43
692 616 64
730 617 85
801 618 160
632 619 51
641 621 43
679 623 42
648 624 49
714 626 67
661 628 41
702 629 58
706 630 78
638 632 35
687 634 45
773 635 119
682 636 37
806 639 151
841 640 391
697 642 42
689 643 39
672 644 35
652 645 49
532 646 166
542 648 79
694 649 37
738 651 72
660 652 52
793 653 129
634 654 61
701 656 39
755 657 85
636 659 60
709 660 41
708 661 41
732 662 63
681 663 62
721 664 43
722 665 44
711 667 35
684 669 42
693 670 64
683 671 71
708 672 45
746 673 65
687 675 43
743 677 67
796 678 107
741 679 52
688 680 39
733 682 55
742 683 49
750 684 62
784 686 91
707 687 54
702 688 54
727 692 45
758 693 57
701 694 33
709 695 45
749 698 73
738 699 154
711 701 41
763 707 51
753 709 41
754 711 39
760 712 113
724 715 47
762 720 42
767 721 48
778 722 59
775 723 53
756 724 34
748 727 22
779 728 52
865 730 128
781 732 54
748 733 50
841 736 92
797 738 61
753 739 37
787 741 55
757 742 42
818 744 66
794 745 50
766 746 71
791 749 44
873 750 92
823 751 64
799 752 47
796 755 83
814 756 62
783 757 30
776 758 78
777 759 83
817 760 121
867 761 85
785 764 59
828 765 79
778 767 37
777 768 20
856 770 66
820 773 83
795 776 91
821 777 76
791 778 49
852 780 61
825 783 32
833 784 38
853 785 52
1071 788 162
777 789 17
759 790 42
859 791 46
857 793 143
799 794 33
838 795 29
818 797 67
802 799 39
843 801 27
831 802 77
888 804 61
846 805 32
833 809 47
767 812 41
867 814 69
824 815 52
871 818 45
885 819 79
915 820 63
863 821 36
889 822 45
818 823 56
846 825 19
888 827 39
852 828 51
881 829 36
882 830 34
967 832 97
918 835 53
868 837 55
982 838 90
857 839 65
974 841 85
901 842 39
982 843 87
864 844 78
848 845 77
982 847 90
877 849 79
900 850 75
919 851 42
931 852 45
882 853 36
879 855 40
896 856 79
876 857 22
909 859 32
887 861 114
883 862 30
908 865 36
869 866 74
923 868 33
941 869 45
897 870 48
868 873 52
1182 876 150
885 877 42
894 879 33
915 880 70
886 881 19
925 882 23
939 884 37
899 885 47
898 886 58
1125 887 121
912 888 46
909 889 27
998 890 77
911 892 39
962 894 83
1066 896 87
944 899 27
907 902 22
953 904 27
1434 905 238
983 906 39
924 907 32
975 908 36
987 909 41
982 910 104
921 911 45
842 912 44
928 914 26
922 915 57
1052 916 68
857 917 88
919 918 30
959 919 22
918 922 36
933 923 21
927 924 27
882 925 25
937 928 41
991 930 34
1004 931 41
989 932 31
941 933 22
965 934 54
1038 935 57
942 936 34
1047 938 85
912 939 49
964 940 27
1019 942 36
1057 944 51
984 945 28
954 946 50
958 948 18
1036 949 41
965 950 45
954 951 28
1008 953 37
958 955 17
1039 956 37
959 957 28
960 959 14
968 961 30
1020 962 43
1000 963 39
1054 966 39
980 968 42
970 969 38
972 971 16
993 973 38
1125 974 214
1068 975 43
1128 977 75
994 978 26
998 980 37
1060 981 37
1015 982 32
1035 983 108
1037 984 25
1052 987 32
1001 989 28
1096 991 77
1035 992 31
1007 993 41
1041 996 37
1046 998 22
1028 999 28
1019 1001 37
1037 1002 34
1133 1003 65
1118 1004 56
971 1006 20
1050 1007 40
1016 1008 34
1027 1009 29
991 1011 24
1048 1012 37
1074 1013 27
1071 1014 69
1025 1016 44
1162 1017 74
1082 1018 56
1089 1020 49
1106 1022 42
1046 1025 40
1215 1026 87
1013 1027 43
1090 1030 31
977 1031 91
1044 1032 32
1022 1033 47
1055 1034 36
1068 1036 30
1056 1037 27
1139 1038 51
1054 1039 32
1141 1040 55
1109 1041 61
978 1043 63
1057 1045 45
1081 1046 18
1141 1047 98
1076 1048 36
1099 1050 27
1121 1052 33
1104 1055 25
1078 1056 29
1132 1057 40
1075 1060 40
1113 1061 29
1006 1063 24
1138 1064 41
1145 1066 41
1142 1067 41
1092 1068 33
1077 1069 29
1081 1073 40
1104 1075 35
1099 1076 36
1154 1077 37
1102 1078 45
1103 1079 45
1146 1083 31
1137 1085 27
1122 1086 45
1257 1088 71
1151 1089 53
1143 1090 24
1178 1091 43
1112 1092 24
1102 1093 48
1153 1096 27
1105 1097 41
1163 1098 31
1113 1099 21
1357 1100 104
1106 1101 39
1150 1102 35
1170 1103 32
1159 1105 27
1115 1106 28
1147 1107 42
1174 1109 44
1137 1110 34
1167 1111 26
1154 1112 41
1134 1113 26
1149 1114 105
1203 1115 38
1126 1116 50
1187 1117 27
1198 1118 32
1111 1119 36
1161 1121 18
1209 1123 35
1135 1124 62
1132 1126 45
1148 1127 24
1188 1128 73
1151 1129 62
1097 1130 20
1124 1131 33
1252 1132 45
1158 1133 14
1170 1134 35
1163 1138 34
1178 1139 41
1032 1140 59
1224 1141 32
1145 1142 35
1313 1144 78
1186 1145 58
1234 1146 34
1218 1147 30
1160 1148 29
1039 1149 55
1261 1150 42
1216 1151 26
1254 1152 50
1279 1154 48
1210 1155 32
1119 1156 36
1193 1158 28
1250 1159 38
1202 1160 32
1281 1162 48
1181 1164 42
1240 1167 34
1182 1168 51
1040 1169 62
1270 1170 54
1243 1171 24
1223 1173 48
1233 1175 45
1218 1176 50
1295 1177 47
1209 1178 46
1239 1179 26
1195 1181 40
1213 1183 44
1242 1185 25
1231 1186 35
1250 1187 30
1214 1188 37
1231 1190 39
1236 1191 44
1375 1192 75
1323 1194 51
1203 1195 28
1262 1196 32
1271 1197 65
1277 1198 32
1149 1199 77
1219 1200 44
1278 1202 41
1297 1203 35
1250 1204 33
1242 1206 23
1301 1207 36
1356 1209 56
1275 1210 32
1305 1211 41
1299 1212 30
1312 1213 35
1248 1214 41
1343 1215 98
1246 1216 34
1303 1218 32
1327 1220 41
1401 1221 72
1253 1224 23
1429 1226 81
1282 1227 44
1351 1228 45
1363 1229 51
1259 1230 37
1268 1232 32
1263 1233 24
1310 1234 29
1341 1235 93
1289 1236 32
1286 1237 16
1277 1238 34
1242 1239 29
1239 1241 33
1325 1243 32
1417 1244 73
1276 1245 42
1267 1246 29
1231 1247 11
1249 1248 23
1379 1250 49
1279 1251 48
1433 1252 74
1302 1253 23
1372 1254 37
1314 1256 24
1272 1257 41
1284 1259 45
1348 1260 36
1328 1262 29
1254 1263 53
1375 1264 114
1280 1265 43
1450 1266 76
1302 1269 22
1327 1270 39
1467 1271 77
1273 1272 43
1276 1273 43
1300 1274 42
1310 1277 35
1288 1279 25
1195 1280 34
1337 1281 32
1409 1282 52
1392 1283 46
1285 1284 19
1330 1285 20
1306 1289 41
1346 1290 42
1486 1292 74
1254 1294 62
1323 1295 34
1365 1296 43
1367 1297 30
1376 1298 34
1324 1300 50
1312 1304 29
1211 1305 58
1329 1307 46
1378 1308 63
1399 1309 38
1428 1310 55
1322 1312 32
1424 1313 99
1325 1315 39
1320 1316 48
1427 1317 45
1419 1318 42
1381 1319 24
1438 1320 49
1370 1321 31
1377 1326 44
1353 1329 53
1389 1330 23
1336 1331 29
1354 1332 30
1385 1333 35
1445 1335 45
1415 1336 34
1449 1338 46
1408 1339 85
1359 1340 45
1416 1341 34
1400 1342 25
1238 1345 43
1428 1348 33
1414 1351 30
1406 1354 27
1411 1355 39
1448 1356 37
1359 1357 35
1516 1360 64
1380 1361 56
1420 1362 27
1383 1363 49
1367 1364 66
1388 1365 64
1432 1366 26
1280 1367 43
1376 1368 43
1395 1369 33
1379 1371 32
1254 1372 42
1335 1374 18
1482 1376 40
1480 1377 37
1197 1378 74
1387 1379 41
1426 1383 35
1401 1384 33
1414 1385 28
1472 1386 47
1250 1387 51
1351 1388 40
1400 1389 25
1501 1392 40
1422 1393 40
1398 1394 36
1437 1395 36
1530 1396 58
1402 1398 36
1464 1399 24
1420 1400 38
1417 1401 42
1407 1402 29
1341 1404 60
1506 1405 35
1563 1406 63
1415 1407 31
1419 1408 29
1477 1409 25
1455 1414 36
1418 1415 23
1551 1416 118
1433 1417 32
1429 1418 40
1427 1419 33
1438 1421 46
1600 1424 82
1421 1427 56
1518 1430 35
1476 1431 43
1528 1433 40
1456 1435 57
1496 1436 51
1508 1437 28
1449 1438 32
1409 1439 30
1544 1440 43
1485 1441 39
1441 1442 56
1444 1443 31
1345 1444 52
1405 1446 49
1498 1447 73
1470 1448 19
1460 1449 26
1528 1450 67
1505 1451 43
1533 1453 33
1490 1457 37
1523 1458 85
1483 1460 51
1467 1461 50
1468 1462 32
1477 1464 29
1471 1466 55
1615 1467 73
1545 1468 35
1560 1469 42
1476 1470 24
1540 1471 33
1357 1473 45
1547 1474 73
1553 1475 36
1503 1478 47
1569 1479 42
1550 1482 46
1535 1483 27
1495 1484 38
1498 1488 37
1499 1489 44
1594 1492 56
1515 1493 42
1446 1495 61
1546 1496 25
1506 1497 47
1510 1499 32
1577 1501 38
1568 1503 34
1542 1504 78
1446 1506 69
1416 1507 62
1559 1508 24
1556 1509 54
1525 1511 26
1534 1512 43
1525 1514 54
1571 1515 25
1535 1517 48
1591 1518 38
1626 1519 55
1620 1520 50
1555 1524 46
1546 1526 55
1561 1529 55
1536 1531 31
1503 1532 34
1609 1533 43
1623 1534 78
1462 1536 34
1571 1537 47
1681 1538 75
1568 1539 47
1661 1540 63
1700 1541 82
1786 1542 125
1573 1543 58
1605 1544 52
1553 1545 29
1592 1546 24
1608 1548 50
1634 1549 48
1652 1551 54
1603 1553 31
1639 1555 48
1651 1556 52
1581 1557 58
1613 1558 31
1597 1559 24
1484 1561 39
1576 1562 52
1655 1563 51
1601 1565 47
1592 1566 50
1578 1567 44
1579 1568 36
1587 1570 49
1821 1572 130
1593 1574 32
1488 1575 49
1650 1577 41
1585 1578 30
1608 1579 44
1530 1580 24
1619 1581 45
1644 1582 34
1558 1583 67
1646 1584 34
1595 1585 35
1659 1590 34
1665 1591 40
1633 1592 23
1630 1593 21
1675 1594 42
1603 1595 30
1539 1596 52
1641 1597 22
1565 1598 65
1601 1599 51
1807 1600 103
1667 1601 28
1720 1602 55
1613 1604 30
1663 1605 44
1630 1606 35
1435 1607 90
1650 1608 30
1674 1609 34
1728 1610 59
1590 1611 39
1622 1612 74
1621 1613 62
1729 1614 77
1729 1616 58
1633 1618 40
1709 1619 43
1644 1620 144
1629 1621 57
1705 1622 70
1570 1623 76
1667 1624 44
1660 1625 41
1746 1626 60
1628 1627 31
1632 1628 33
1663 1629 52
1676 1630 26
1677 1631 42
1635 1632 34
1688 1633 29
1694 1634 28
1691 1635 29
1648 1636 35
1709 1637 55
1666 1638 30
1653 1639 63
1696 1640 40
1917 1642 133
1777 1643 64
1647 1645 33
1640 1647 47
1636 1649 56
1665 1650 26
1524 1653 67
1713 1656 27
1775 1657 60
1797 1659 68
1682 1660 33
1689 1661 33
1645 1662 36
1649 1664 49
1674 1665 27
1732 1666 31
1733 1668 58
1688 1669 33
1680 1670 27
1662 1671 61
1738 1672 30
1694 1674 33
1783 1675 51
1744 1676 29
1740 1677 27
1715 1678 97
1710 1680 36
1726 1681 21
1737 1683 34
1691 1684 37
1793 1686 60
1754 1690 32
1768 1692 42
1698 1693 25
1725 1694 63
1702 1695 37
1951 1697 126
1712 1699 32
1638 1701 31
1704 1702 33
1719 1705 31
1764 1707 47
1734 1708 33
1748 1710 51
1726 1711 14
1723 1712 29
1772 1713 32
1778 1714 33
2037 1715 149
1749 1717 18
1747 1719 22
1802 1720 43
1794 1721 38
1781 1722 34
1749 1724 42
1758 1725 33
1749 1726 16
1786 1727 67
1820 1728 46
1781 1731 32
1796 1732 32
1772 1734 35
1769 1735 54
1935 1736 97
1795 1737 35
1782 1738 22
1803 1739 39
1795 1740 39
1761 1741 36
1808 1742 43
1831 1743 43
1792 1744 24
1822 1745 38
1830 1746 45
1938 1747 92
1753 1748 21
1753 1751 41
1812 1752 49
1815 1754 31
1760 1756 69
1763 1757 87
1791 1758 35
1813 1759 28
1828 1760 38
1854 1761 47
1829 1763 37
1789 1764 71
1795 1765 49
1811 1766 44
1701 1767 32
1835 1768 36
1797 1769 43
1807 1771 121
1782 1772 13
1719 1773 69
1827 1774 41
1841 1775 34
1863 1777 45
1842 1778 32
1812 1780 25
1731 1781 46
1802 1783 30
1832 1784 40
1781 1787 66
1836 1789 26
1781 1790 23
1806 1791 20
1813 1792 32
1943 1793 95
1858 1794 46
1838 1795 55
1881 1797 84
1824 1798 35
1853 1800 51
1820 1802 27
1739 1803 47
1877 1805 35
1843 1806 17
1835 1808 22
1846 1809 30
1846 1810 20
1866 1811 30
1861 1812 38
1848 1813 24
1837 1814 36
1842 1815 31
1904 1816 52
1822 1817 36
1866 1819 44
1892 1820 37
1864 1821 48
1831 1822 45
1862 1823 47
1817 1825 50
1908 1826 34
1836 1827 73
1829 1828 34
1863 1830 39
1899 1831 31
1739 1832 48
1912 1833 55
1872 1838 38
1850 1839 45
1874 1843 19
1876 1844 48
1879 1845 35
1887 1846 23
1869 1847 24
1856 1848 19
1941 1849 43
1873 1850 39
1817 1851 21
1859 1852 75
1895 1853 48
1956 1854 54
1882 1856 44
1882 1857 37
1894 1858 30
1903 1860 47
1918 1861 24
1887 1862 31
1893 1864 38
1915 1865 58
1927 1866 28
1927 1868 41
1883 1869 21
2090 1870 88
1907 1871 68
1932 1872 54
1909 1874 18
1843 1875 33
1944 1876 31
1991 1879 48
1947 1881 42
1920 1883 41
1907 1884 29
1905 1887 20
1816 1889 66
1928 1890 17
1871 1891 78
1972 1892 33
1933 1893 40
1931 1894 27
1940 1895 39
2809 1896 392
1986 1898 38
1908 1899 31
1906 1901 46
1925 1902 24
1964 1903 52
1950 1904 40
1952 1905 41
1934 1906 33
1975 1907 29
2013 1909 41
1858 1911 36
2007 1912 38
2011 1913 39
2012 1914 39
2035 1915 49
2021 1916 41
2037 1917 209
1991 1918 38
1943 1920 21
1955 1921 37
1942 1922 39
2023 1923 38
1997 1924 34
1944 1925 28
1961 1926 38
1949 1927 18
1959 1928 21
1985 1930 25
1945 1931 18
2018 1932 57
1981 1933 50
1988 1934 24
2008 1935 29
1954 1936 28
1963 1937 32
1974 1938 33
1992 1939 22
2014 1940 28
2062 1942 43
1972 1944 35
1965 1945 14
1931 1946 20
2027 1947 30
2071 1948 45
1975 1949 28
1976 1952 20
2043 1953 33
1973 1954 25
2000 1955 41
1935 1957 61
1996 1958 36
1970 1959 27
2025 1960 25
1988 1962 32
2001 1963 47
2014 1964 41
2036 1966 27
2005 1967 35
1993 1968 29
2150 1969 72
1984 1970 33
2046 1971 28
2029 1972 19
2016 1974 23
2003 1976 26
2010 1977 31
2019 1979 35
2038 1980 67
2030 1981 44
1985 1982 18
2052 1984 24
2036 1985 30
2021 1986 40
2017 1988 23
2081 1989 33
2090 1991 46
1998 1995 28
2026 1996 24
1924 1997 36
2129 1999 68
2059 2000 48
2061 2001 54
2049 2003 18
2101 2004 36
2076 2005 26
2094 2006 34
2086 2007 53
2094 2008 36
2057 2009 25
2075 2010 24
2088 2013 32
2103 2014 32
2079 2017 26
2068 2018 35
2040 2020 19
2091 2021 47
2116 2022 36
2114 2023 37
2054 2024 28
2049 2026 24
2130 2027 38
2143 2028 50
2111 2029 32
2077 2030 49
2067 2031 30
2069 2032 34
2076 2034 36
2131 2035 35
2098 2037 152
2136 2039 64
2072 2040 29
2080 2042 15
2141 2043 49
2084 2044 16
2121 2045 30
2124 2046 30
2096 2047 52
2107 2049 27
2075 2050 27
2097 2051 36
2117 2052 24
2101 2054 45
2119 2055 44
2079 2057 28
2169 2059 44
2099 2060 47
2103 2061 45
2156 2062 37
2120 2063 30
2062 2064 45
2115 2067 54
2128 2068 47
2142 2069 39
2162 2071 35
2154 2073 31
2105 2075 27
2140 2076 23
2187 2077 44
2108 2078 30
2113 2079 25
2079 2080 29
2116 2081 23
2139 2082 28
2137 2084 21
2178 2085 36
2117 2088 23
2208 2089 50
2229 2090 75
2177 2091 50
2091 2092 26
2152 2094 25
2135 2095 37
2147 2096 40
2169 2097 48
2227 2099 67
1997 2100 41
2208 2101 55
2099 2106 28
2163 2107 28
2158 2108 59
2190 2109 33
1997 2110 41
2243 2111 55
2226 2112 49
2172 2113 25
2124 2114 39
2159 2115 50
2123 2116 33
2114 2117 40
2153 2120 26
2186 2121 27
2158 2123 42
2199 2124 31
2138 2125 31
2191 2126 31
2177 2127 46
2173 2128 38
2167 2129 32
2213 2130 35
2258 2131 63
2212 2132 37
2146 2133 36
2183 2134 54
2189 2135 43
2163 2139 22
2085 2140 49
2196 2141 46
2132 2143 38
2223 2144 31
2141 2146 55
2253 2147 46
2200 2148 33
2064 2150 70
2078 2153 36
2232 2154 36
2166 2156 34
2156 2157 42
2178 2161 26
2314 2162 67
2211 2163 25
2179 2166 37
2228 2167 50
2250 2168 34
2226 2169 33
2144 2170 32
2230 2172 31
2209 2173 30
2201 2174 21
2255 2176 34
2182 2178 60
2366 2181 90
2219 2182 77
2246 2185 32
2275 2186 39
2277 2187 50
2281 2189 39
2230 2191 24
2199 2192 40
2196 2193 30
2283 2195 35
2282 2196 41
2206 2197 34
2281 2200 49
2237 2201 26
2258 2202 49
2285 2205 52
2301 2207 43
2243 2208 22
2260 2209 50
2251 2210 37
2266 2211 33
2195 2212 58
2250 2213 29
2256 2214 35
2261 2216 83
2279 2218 26
2461 2219 111
2305 2222 39
2241 2224 39
2264 2225 34
2277 2226 32
2284 2227 43
2269 2228 30
2319 2229 66
2254 2230 24
2253 2231 31
2280 2234 48
2324 2235 39
2323 2238 42
2176 2239 47
2308 2241 31
2110 2242 68
2266 2246 26
2303 2247 48
2347 2250 49
2275 2253 24
2299 2254 30
2263 2255 46
2317 2256 33
2360 2258 51
2297 2261 49
2398 2262 62
2355 2263 44
2327 2264 41
2267 2265 64
2333 2266 35
2318 2267 79
2272 2268 42
1756 2272 223
2344 2273 32
2348 2274 37
2326 2275 25
2341 2277 45
2197 2278 35
2309 2279 16
2307 2280 31
2324 2281 35
2279 2282 37
2362 2283 41
2306 2284 61
2349 2286 50
2361 2287 39
2292 2288 36
2348 2289 45
2333 2291 28
2308 2292 40
2380 2296 75
2328 2297 46
2331 2299 24
2373 2300 35
2350 2301 28
2349 2302 31
2377 2303 46
2320 2304 33
2417 2305 54
2283 2306 62
2374 2308 32
2375 2309 31
2394 2312 62
2475 2313 74
2450 2314 65
2227 2315 77
2365 2316 27
2289 2317 57
2346 2318 49
2381 2321 33
2287 2322 57
2329 2323 54
2355 2325 41
2369 2327 37
2343 2328 40
2474 2332 70
2348 2333 26
2397 2334 68
2360 2335 55
2403 2336 76
2378 2337 33
2374 2338 33
2411 2339 53
2397 2341 39
2425 2342 40
2376 2345 25
2371 2346 43
2413 2350 27
2448 2352 42
2365 2354 21
2408 2355 37
2305 2356 59
2350 2358 68
2450 2360 74
2362 2361 49
2390 2362 57
2456 2363 55
2388 2364 34
2382 2365 30
2414 2368 38
2466 2369 42
2402 2370 46
2401 2371 49
2454 2373 38
2465 2375 42
2464 2377 49
2422 2378 22
2451 2380 81
2458 2381 33
2391 2385 30
2499 2386 48
2435 2388 54
2450 2389 26
2350 2392 33
2415 2395 21
2496 2396 54
2477 2397 73
2417 2398 40
2564 2401 69
2432 2402 42
2498 2403 40
2468 2404 24
2465 2408 39
2426 2410 50
2549 2411 75
2447 2412 55
2421 2413 58
2442 2414 20
2378 2415 36
2356 2417 96
2463 2418 47
2460 2419 40
2505 2420 36
2523 2421 54
2436 2423 54
2435 2424 64
2527 2425 44
2439 2426 43
2441 2427 23
2542 2428 48
2446 2430 57
2564 2433 62
2563 2434 61
2544 2435 33
2490 2437 21
2488 2438 34
2475 2439 99
2647 2440 122
2450 2441 31
2472 2442 31
2459 2446 32
2478 2447 39
2528 2450 49
2517 2452 28
2517 2453 27
2519 2456 32
2593 2457 119
2569 2459 42
2487 2460 22
2483 2461 57
2559 2463 40
2503 2465 32
2580 2466 49
2566 2468 38
2504 2472 29
2597 2474 56
2582 2475 45
2507 2476 49
2626 2477 69
2509 2478 37
2518 2479 47
2577 2480 40
2522 2481 20
2551 2482 34
2571 2483 38
2481 2486 45
2513 2487 33
2560 2489 32
2534 2490 40
2543 2491 69
2516 2492 19
2501 2493 55
2592 2494 40
2555 2495 25
2568 2496 38
2545 2497 32
2543 2499 18
2435 2500 55
2590 2501 43
2515 2503 36
2574 2504 53
2604 2505 41
2559 2507 43
2576 2508 42
2538 2509 33
2606 2510 55
2586 2511 36
2601 2512 38
2535 2513 29
2573 2514 171
2546 2516 17
2560 2517 23
2582 2518 81
2522 2521 43
2615 2522 39
2570 2523 29
2622 2524 43
2690 2525 80
2641 2527 51
2552 2528 38
2544 2530 49
2616 2531 36
2587 2532 51
2638 2533 45
2594 2535 27
2572 2537 33
2624 2542 38
2567 2544 70
2579 2546 19
2625 2547 41
2590 2548 36
2612 2549 59
2616 2550 44
2600 2552 95
2628 2553 34
2433 2554 75
2661 2555 49
2655 2556 49
2664 2557 50
2631 2558 31
2576 2559 19
2639 2560 64
2594 2562 23
2645 2564 58
2588 2567 24
2577 2569 30
2639 2571 32
2620 2572 26
2435 2573 106
2684 2575 52
2670 2577 43
2677 2578 50
2599 2579 17
2653 2580 35
2623 2581 80
2813 2582 103
2649 2583 36
2595 2585 41
2620 2586 26
2532 2587 70
2622 2590 38
2660 2591 68
2672 2592 41
2657 2594 40
2615 2595 35
2668 2596 31
2881 2597 131
2716 2598 57
2637 2599 20
2683 2601 42
2627 2602 42
2696 2603 52
2652 2606 48
2720 2608 85
2658 2609 31
2644 2610 31
2669 2611 32
2547 2613 41
2678 2615 35
2636 2616 41
2733 2617 69
2643 2618 34
2692 2619 39
2700 2621 41
2669 2622 44
2689 2625 42
2629 2627 54
2695 2628 33
2675 2629 83
2746 2630 62
2632 2631 38
2521 2632 46
2804 2633 80
2679 2635 39
2726 2636 43
2686 2637 38
2924 2638 157
2681 2639 24
2714 2641 36
2697 2643 24
2676 2644 40
2704 2645 44
2718 2646 109
2711 2647 39
2678 2648 51
2694 2649 19
2690 2650 58
2731 2654 35
2686 2656 50
2708 2657 26
2779 2658 70
2688 2659 28
2689 2660 31
2806 2661 69
2636 2662 54
2569 2663 45
2783 2665 52
2675 2667 26
2697 2668 15
2730 2669 31
2675 2671 26
2766 2672 41
2716 2673 33
2759 2674 48
2730 2676 40
2780 2677 48
2757 2678 36
2737 2679 22
2732 2680 32
2733 2681 24
2750 2682 34
2766 2683 64
2734 2684 21
2687 2685 46
2787 2687 45
2735 2688 33
2725 2692 34
2731 2693 20
2763 2694 36
2708 2695 17
2742 2698 21
2631 2699 48
2816 2701 49
2739 2703 25
2782 2704 51
2784 2705 35
2795 2706 37
2679 2707 24
2792 2709 42
2740 2710 44
2770 2712 57
2760 2713 34
2798 2715 35
2746 2716 27
2772 2718 94
2775 2719 102
2834 2720 46
2771 2721 34
2793 2722 38
2804 2723 57
2665 2724 92
2836 2725 47
2764 2726 58
2752 2727 20
2803 2730 34
2707 2732 39
2779 2733 25
2843 2736 47
2802 2737 29
2754 2738 62
2786 2739 31
2840 2740 42
2817 2742 29
2821 2743 41
2823 2745 51
2824 2746 60
2791 2748 33
2803 2749 38
2797 2751 48
2695 2752 94
2828 2754 72
2846 2756 39
2865 2758 49
2812 2760 22
2790 2761 16
2698 2762 32
2796 2763 78
2618 2764 70
2663 2767 72
2720 2768 52
2831 2773 36
2834 2777 50
2941 2778 85
2830 2779 28
2806 2780 46
2918 2781 69
2798 2782 61
2808 2783 42
2890 2785 46
2908 2787 56
2840 2788 41
2832 2789 27
2901 2790 50
2837 2791 32
2868 2792 47
2913 2794 60
2760 2796 25
2855 2797 51
2807 2798 56
2845 2800 37
2867 2802 33
2872 2803 37
2846 2804 38
2807 2805 32
2882 2806 36
2921 2808 60
2978 2809 90
2910 2810 49
2885 2811 60
2866 2812 41
2947 2815 74
2868 2821 35
2883 2822 41
2870 2823 41
2876 2824 54
2974 2826 78
2895 2827 40
2863 2828 74
2833 2829 33
2906 2831 46
2859 2832 23
2861 2834 52
2914 2835 42
2872 2837 35
2902 2838 34
2922 2840 46
2859 2841 22
2738 2842 162
2865 2843 26
2961 2844 81
2932 2845 49
2959 2846 64
2867 2848 49
2879 2852 12
2857 2853 56
2932 2856 42
2940 2857 40
2938 2858 37
2978 2860 99
2926 2862 35
2896 2864 60
2947 2866 62
2915 2868 29
2894 2869 22
2952 2872 44
2915 2874 36
2881 2875 49
2937 2876 60
2935 2877 44
2879 2878 30
2924 2881 61
3046 2882 86
2897 2884 49
2946 2885 52
2806 2887 48
2903 2888 55
3035 2889 87
2901 2890 37
2920 2892 39
2903 2893 97
2907 2894 61
2923 2895 24
2898 2897 37
2988 2898 58
2980 2902 50
2921 2904 38
2923 2905 20
2936 2906 31
2922 2908 46
2992 2909 58
2913 2910 26
2968 2911 33
2981 2912 46
2954 2914 35
2970 2916 42
3117 2920 191
3022 2922 53
2964 2923 33
3000 2926 44
3001 2927 42
2929 2928 40
3003 2929 42
2975 2931 33
3027 2932 52
2892 2933 41
2969 2935 29
2991 2936 34
2940 2939 56
3009 2940 39
3038 2941 52
2949 2943 38
2955 2944 127
2993 2946 30
3015 2947 34
3013 2949 36
3011 2950 46
2980 2952 31
2999 2953 41
3014 2954 35
2894 2955 69
3045 2957 68
3018 2958 34
3146 2959 93
2982 2960 36
3008 2961 50
3093 2962 98
3075 2964 74
3027 2965 42
3012 2966 34
3051 2967 43
3030 2969 39
2999 2970 30
2974 2971 28
2904 2972 39
2931 2973 33
2977 2974 51
2994 2975 17
2977 2976 58
3034 2981 32
3018 2982 30
3036 2983 54
2987 2984 32
2990 2986 59
2994 2987 21
2998 2988 14
2972 2989 43
3039 2991 29
3097 2993 51
3074 2997 53
3039 2999 24
3080 3000 41
3081 3001 41
3082 3002 41
3068 3004 34
3040 3006 82
3053 3008 49
3027 3011 39
3095 3012 61
3170 3014 101
3016 3015 26
3115 3016 55
3042 3017 38
3089 3019 40
3100 3020 44
3050 3021 47
3093 3023 38
3045 3025 54
3068 3027 55
3051 3028 33
3031 3029 46
3032 3031 52
3086 3033 37
3094 3035 42
3130 3041 46
3108 3042 35
3093 3044 37
3056 3046 94
3112 3047 32
3042 3049 71
3058 3050 23
3147 3054 47
2933 3056 68
3122 3057 36
3091 3058 55
3135 3060 40
3092 3061 56
3179 3063 65
3116 3067 70
3084 3071 34
3132 3074 49
3184 3075 61
3158 3076 39
3123 3077 51
3086 3078 38
3137 3080 29
3082 3081 39
3083 3082 38
3157 3084 37
3156 3087 39
3122 3089 29
3125 3091 28
3141 3092 25
3015 3094 44
3162 3096 34
3188 3097 53
3117 3098 38
3154 3099 50
3141 3101 48
3131 3103 98
3185 3104 47
3189 3105 50
3194 3106 53
2989 3107 60
3113 3108 64
3223 3110 71
3258 3111 95
3115 3113 51
3017 3114 56
3174 3115 34
3130 3118 43
3015 3120 54
3152 3122 36
3214 3125 61
3253 3128 80
3351 3131 157
3097 3132 84
3327 3133 133
3225 3134 57
3193 3135 37
3237 3136 65
3138 3137 25
3139 3138 38
3176 3140 98
3204 3142 41
3144 3143 58
3145 3144 54
3146 3145 52
3227 3147 57
3157 3148 37
3202 3150 41
3180 3152 65
3258 3153 103
3200 3154 35
3254 3155 65
3182 3156 23
3205 3157 36
3161 3160 28
3207 3162 34
3257 3163 64
3241 3164 62
3169 3165 36
3200 3166 48
3192 3167 111
3213 3168 33
3230 3169 42
3174 3171 41
3235 3173 42
3173 3174 53
3284 3176 76
3184 3179 28
3197 3181 67
3252 3182 42
3188 3183 85
3189 3185 42
3252 3187 53
3194 3189 58
3212 3190 63
3214 3191 29
3256 3192 43
3256 3193 41
3198 3194 54
3220 3195 64
3208 3196 56
3255 3198 36
3213 3200 29
3209 3201 60
3264 3202 50
3212 3203 67
3211 3204 93
3295 3206 67
3223 3208 35
3230 3210 35
3257 3212 85
3261 3213 29
3251 3214 30
3331 3216 85
3295 3218 60
3260 3220 64
3178 3221 28
3272 3224 36
3261 3228 28
3173 3229 45
3239 3231 92
3243 3233 68
3246 3234 34
3173 3235 44
3318 3236 62
3241 3237 60
3353 3239 91
3256 3241 186
3307 3243 51
3254 3246 35
3342 3247 77
3212 3248 39
3337 3249 69
3289 3250 33
3286 3251 61
3297 3252 84
3269 3253 34
3266 3254 67
3337 3255 67
3271 3256 124
3298 3257 51
3310 3260 43
3272 3261 27
3270 3262 45
3288 3265 50
3281 3266 87
3298 3267 53
3202 3269 47
3329 3270 44
3285 3271 75
3312 3272 32
3326 3273 49
3284 3274 66
3299 3276 113
3336 3278 39
3265 3282 53
3326 3286 50
3296 3287 116
3321 3288 48
3201 3290 62
3397 3292 90
3376 3293 65
3301 3297 110
3323 3302 40
3340 3303 58
3354 3305 42
3332 3306 85
3359 3307 41
3297 3308 33
3282 3310 61
3345 3311 112
3377 3312 82
3360 3314 38
3257 3315 50
3235 3316 62
3389 3317 65
2967 3319 244
3380 3321 54
3329 3322 40
3422 3324 92
3317 3325 71
3274 3327 96
3348 3328 35
3336 3329 35
3342 3330 44
3391 3331 57
3385 3332 55
3396 3333 56
3405 3334 66
3341 3339 71
3352 3341 67
3353 3342 45
3354 3344 48
3384 3346 46
3387 3348 41
3382 3350 68
3399 3351 80
3562 3352 165
3332 3353 121
3429 3354 64
3417 3355 56
3367 3356 27
3359 3357 54
3395 3359 33
3394 3360 31
3449 3362 75
3416 3364 47
3393 3366 30
3410 3367 43
3376 3369 69
3380 3370 42
3383 3373 79
3458 3374 72
3362 3378 96
3385 3379 82
3475 3382 70
3441 3384 67
3467 3386 60
3389 3388 70
3290 3390 85
3394 3393 26
3431 3394 29
3425 3395 26
3461 3396 53
3441 3397 39
3400 3398 40
3342 3400 49
3447 3401 47
3406 3404 25
3414 3406 19
3427 3407 49
3433 3410 18
3443 3411 29
3483 3412 52
3432 3413 152
3256 3414 414
3423 3415 21
3415 3417 57
3474 3419 37
3103 3420 232
3417 3421 58
3436 3423 35
3448 3424 185
3431 3425 44
3437 3426 81
3463 3427 33
3430 3428 39
3449 3429 46
3425 3430 50
3423 3432 186
3443 3433 20
3475 3434 80
3421 3435 70
3482 3437 69
3497 3439 47
3500 3440 47
3535 3441 76
3485 3442 72
3463 3443 34
3423 3444 39
3440 3446 48
3458 3447 26
3497 3448 188
3474 3450 37
3476 3454 41
3459 3455 46
3459 3456 43
3456 3457 54
3461 3458 21
3474 3461 49
3504 3462 69
3433 3463 22
3324 3464 120
3640 3465 129
3707 3466 168
3709 3467 169
3469 3468 69
3553 3472 69
3618 3473 111
3507 3476 87
3570 3477 72
3479 3478 85
3444 3479 82
3536 3480 53
3549 3482 56
3503 3483 47
3539 3484 51
3499 3485 47
3496 3487 51
3501 3489 60
3492 3490 33
3490 3491 37
3493 3492 37
3494 3493 34
3526 3494 99
3498 3497 35
3500 3498 44
3554 3499 41
3510 3501 47
3546 3502 38
3534 3507 61
3511 3508 42
3512 3510 35
3513 3512 36
3530 3514 49
3555 3515 31
3550 3516 28
3524 3518 57
3521 3520 37
3522 3521 33
3523 3522 36
3525 3523 34
3673 3524 102
3526 3525 73
3629 3529 86
3572 3530 64
3536 3531 52
3615 3532 54
3570 3533 123
3614 3535 50
3541 3538 42
3599 3539 41
3562 3540 154
3543 3541 38
3545 3543 37
3549 3544 65
3546 3545 32
3550 3546 41
3556 3551 74
3635 3553 59
3555 3554 27
3755 3556 133
3561 3557 63
3555 3558 25
3622 3561 45
3564 3563 16
3554 3564 41
3605 3565 34
3567 3566 36
3568 3567 34
3569 3568 68
3591 3571 39
3632 3572 43
3636 3576 40
3578 3577 15
3579 3578 43
3595 3580 36
3628 3581 32
3576 3583 41
3586 3584 38
3634 3586 36
3588 3587 40
3638 3588 35
3641 3590 78
3593 3592 13
3595 3593 44
3624 3594 166
3649 3597 38
3676 3598 54
3677 3599 45
3659 3601 31
3603 3602 44
3760 3604 98
3606 3605 32
3607 3606 35
3608 3607 35
3609 3608 58
3711 3611 88
3605 3612 65
3737 3613 79
3532 3615 281
3617 3616 63
3619 3617 47
3809 3618 173
3669 3620 40
3632 3622 42
3643 3624 116
3670 3625 27
3628 3626 51
3676 3629 37
3686 3630 40
3647 3632 52
3634 3633 38
3690 3634 34
3734 3635 64
3774 3636 85
3706 3637 41
3720 3638 52
3735 3639 60
3743 3640 65
3668 3644 15
3648 3645 25
3640 3646 105
3530 3647 77
3668 3648 16
3691 3649 26
3651 3650 25
3652 3651 31
3653 3652 36
3656 3653 34
3705 3654 41
3657 3656 45
3583 3658 49
3701 3660 33
3662 3661 62
3663 3662 48
3863 3664 157
3685 3665 50
3661 3666 64
3824 3667 113
3704 3669 27
3726 3670 39
3701 3671 24
3781 3674 69
3776 3675 64
3677 3676 43
3767 3677 59
3775 3678 63
3681 3680 28
3682 3681 24
3753 3683 65
3719 3686 28
3718 3688 93
3734 3691 31
3694 3692 30
3785 3693 119
3695 3694 37
3696 3695 34
3727 3700 25
3727 3701 27
3738 3704 23
3720 3706 44
3709 3707 85
3711 3709 102
3711 3710 32
3712 3711 28
3746 3712 23
3714 3713 30
3715 3714 37
3752 3716 27
3740 3719 17
3735 3720 36
3724 3721 65
3723 3722 50
3722 3724 62
3728 3725 30
3688 3726 137
3752 3727 21
3731 3728 39
3736 3731 45
3757 3733 45
3755 3737 93
3740 3738 25
3861 3742 98
3744 3743 61
3820 3744 56
3758 3747 22
3777 3748 25
3840 3749 105
3766 3750 31
3775 3751 55
3778 3754 25
3783 3756 65
3825 3759 61
3900 3761 132
3838 3763 74
3780 3766 37
3676 3767 58
3812 3768 38
3772 3770 55
3676 3771 56
3856 3772 77
3906 3773 115
3878 3774 91
3858 3775 105
3963 3776 178
3800 3777 48
3794 3778 26
3919 3782 120
3790 3786 49
3789 3788 64
3786 3789 62
3818 3791 51
3806 3794 30
3841 3797 44
3836 3798 41
3847 3799 47
3836 3802 67
3844 3804 42
3812 3805 41
3866 3807 77
3860 3809 67
3910 3811 84
3822 3814 27
3822 3815 44
3843 3816 51
3831 3817 27
3853 3818 68
3890 3819 73
3862 3820 41
3820 3821 52
3864 3824 37
3845 3825 19
3828 3827 50
3830 3829 64
3827 3830 62
3860 3832 37
3922 3833 78
3688 3837 115
3900 3838 52
3842 3839 27
3902 3840 52
3850 3841 32
3884 3843 36
3903 3844 62
3847 3846 50
3908 3847 50
3839 3850 45
3884 3851 55
3914 3855 47
3930 3856 63
3886 3857 58
3751 3858 87
3920 3859 65
3809 3860 67
3906 3861 120
3983 3863 169
3948 3868 78
3927 3870 52
3872 3871 64
3873 3872 38
3874 3873 54
3875 3874 62
3895 3875 77
3933 3878 53
3881 3880 57
3843 3882 60
3918 3884 54
3908 3886 57
4054 3887 192
3938 3888 45
3693 3889 157
3901 3890 102
3837 3893 120
3983 3898 89
3851 3899 98
4064 3900 191
3990 3901 123
3912 3902 36
3953 3903 65
3946 3910 47
3972 3913 70
3939 3915 54
3922 3916 55
3993 3919 85
3964 3920 66
3949 3921 65
3930 3922 49
3958 3923 51
3947 3924 48
3939 3925 53
3965 3927 54
3936 3928 27
3976 3931 54
3998 3932 73
3974 3934 67
3956 3935 46
3946 3936 43
3971 3938 39
3953 3939 27
3955 3942 30
3837 3945 161
3966 3946 55
3967 3947 47
3987 3949 39
4003 3951 51
3949 3954 156
3969 3955 42
3980 3957 37
3997 3958 43
4009 3960 50
3971 3961 66
3976 3962 49
4010 3965 43
3992 3966 48
4005 3969 33
4007 3970 44
3951 3972 51
3776 3973 188
4129 3974 303
4003 3976 58
3979 3977 57
4024 3979 54
4005 3980 38
4064 3983 262
4130 3984 267
4029 3985 56
4014 3987 27
4020 3990 46
4027 3991 48
4032 3993 50
4106 3996 146
4045 3998 70
4019 3999 45
4080 4000 256
4025 4001 48
4017 4002 52
4018 4003 52
4083 4004 114
4028 4005 37
4028 4007 42
4021 4008 44
3972 4009 80
4024 4012 53
4035 4013 41
4036 4014 37
4110 4015 129
4063 4020 56
4038 4021 38
4097 4022 104
4042 4023 69
4065 4024 56
4036 4025 50
4060 4026 53
4046 4027 52
4032 4030 67
4087 4032 73
4049 4034 43
4067 4035 42
4092 4036 210
4055 4037 52
4056 4039 45
3889 4040 303
4086 4042 58
4063 4045 86
4084 4049 51
4074 4050 86
4142 4052 122
4022 4056 115
4068 4058 55
4108 4059 59
4075 4060 34
4069 4061 53
4093 4063 40
4071 4067 47
4039 4068 62
4086 4070 57
4075 4071 22
4101 4073 65
4009 4074 98
4090 4075 27
4095 4076 21
4100 4077 97
4034 4078 65
4058 4079 69
4093 4081 97
4116 4082 52
4108 4086 71
4105 4087 29
4119 4089 69
4088 4091 124
4121 4093 27
4099 4094 50
4082 4095 53
4111 4096 119
4138 4097 118
4133 4100 96
4166 4101 115
4169 4102 117
4153 4107 133
4122 4108 37
4172 4110 114
4170 4111 112
4175 4113 115
4117 4114 49
4128 4116 20
4116 4117 87
4136 4119 83
4178 4120 116
4126 4124 48
4128 4126 84
4147 4128 42
4153 4131 52
4144 4133 64
4164 4136 125
4142 4137 40
4157 4139 97
4148 4140 140
4146 4143 29
4171 4145 47
4124 4146 55
4159 4147 35
4165 4149 58
4212 4152 189
4234 4154 115
4194 4156 180
4169 4157 63
4183 4158 70
4167 4159 33
4177 4162 53
4187 4163 66
4176 4164 47
4173 4165 30
4203 4166 53
4171 4167 25
4179 4168 34
4216 4169 66
4261 4170 248
4182 4171 30
4240 4172 87
4223 4175 62
4198 4176 54
4193 4177 67
4204 4179 34
4200 4182 18
4222 4183 52
4213 4185 34
4252 4187 170
4199 4189 65
4216 4190 69
4230 4191 53
4207 4192 38
4270 4194 199
4221 4195 79
4263 4196 91
4219 4197 32
4227 4198 40
4209 4199 34
4226 4200 34
4214 4201 20
4203 4202 65
4245 4204 54
4268 4205 96
4232 4206 75
4227 4207 53
4218 4208 38
4261 4212 279
4249 4213 48
4236 4214 59
4233 4217 43
4251 4219 45
4201 4220 62
4233 4223 17
4250 4224 87
4260 4225 133
4255 4226 44
4235 4227 24
4278 4228 104
4245 4230 49
4236 4231 46
4253 4233 25
4270 4234 58
4040 4238 437
4202 4239 71
4265 4241 63
4249 4245 29
4271 4246 46
4271 4252 103
4256 4253 11
4272 4256 63
4274 4258 139
4269 4261 146
4278 4266 23
4249 4267 35
4281 4268 63
4283 4274 410
151 27 162
40 37 71
119 86 62
120 114 70
147 133 56
150 137 122
267 216 109
241 223 121
356 231 160
288 235 69
358 252 102
318 268 52
325 272 53
304 279 105
305 280 192
350 326 86
364 334 89
451 374 82
397 391 67
416 405 93
528 419 165
544 442 90
505 444 51
510 451 66
606 510 103
684 537 111
607 550 86
693 577 86
692 593 93
661 601 41
667 656 48
692 677 84
727 692 51
809 715 91
733 727 54
797 750 147
1007 760 165
727 785 90
804 789 25
822 812 51
829 823 65
882 830 39
830 862 74
931 884 56
1096 888 104
987 889 54
904 890 120
996 925 43
944 934 52
1004 939 57
1038 940 68
951 948 34
957 955 37
1097 992 39
1140 1032 60
1045 1033 49
1152 1041 54
1128 1100 105
1213 1102 45
1238 1138 40
1149 1140 192
1254 1142 55
1254 1152 54
1308 1156 68
1241 1179 51
1234 1198 32
1371 1204 66
1439 1227 83
1243 1237 40
1372 1254 45
1319 1257 65
1317 1316 50
1405 1321 35
1407 1331 34
1362 1342 38
1393 1361 63
1497 1372 52
1386 1383 50
1567 1394 104
1531 1398 54
1479 1444 53
1495 1446 68
1497 1464 70
1520 1484 55
1601 1497 58
1727 1504 115
1497 1511 58
1570 1512 59
1540 1519 65
1567 1531 55
1545 1536 35
1719 1601 51
1627 1611 52
1677 1631 71
1780 1664 51
1681 1677 27
1677 1737 44
1832 1739 56
1850 1741 52
1745 1743 58
1938 1747 94
1911 1803 46
1843 1806 20
2068 1821 102
1909 1826 47
1914 1828 39
1803 1832 49
1849 1839 50
1806 1847 31
1907 1851 35
1960 1858 40
1826 1874 58
1971 1875 42
2005 1911 39
2009 1918 50
2064 1922 53
1966 1930 30
2006 1938 52
2010 1946 26
1858 1967 37
2024 1972 41
2157 2028 48
2125 2032 35
2148 2073 58
2141 2092 42
2094 2106 39
2172 2126 28
2225 2154 53
2207 2192 87
2335 2202 62
2316 2213 46
2268 2222 62
2309 2282 42
2301 2288 46
2435 2317 68
2370 2334 72
2377 2342 39
2481 2392 39
2282 2408 60
2421 2413 60
2476 2421 52
2578 2423 65
2459 2427 49
2567 2435 76
2453 2452 37
2435 2481 77
2497 2486 47
2571 2489 53
2559 2507 45
2619 2522 41
2581 2554 80
2677 2608 103
2756 2613 70
2681 2617 82
2665 2629 85
2507 2643 58
2723 2645 73
2720 2665 129
2721 2671 74
2699 2693 17
2780 2720 125
2732 2727 47
2822 2740 48
2802 2751 56
2780 2768 78
2904 2783 60
2941 2785 86
2809 2805 100
2875 2829 137
2878 2862 43
2914 2869 61
3136 2882 133
2933 2887 94
2976 2893 117
2973 2897 45
3023 2908 65
3002 2928 42
2970 2936 38
3060 2943 63
3015 2947 36
3004 2965 36
3107 2972 78
2988 2973 30
3047 2982 33
2988 2984 37
3192 3056 76
3148 3071 38
3107 3106 67
3163 3114 77
3228 3166 62
3220 3203 75
3333 3229 89
3330 3233 71
3322 3262 49
3331 3290 163
3356 3302 43
3330 3307 65
3333 3316 64
3413 3352 187
3398 3395 52
3557 3457 76
3646 3464 131
3611 3468 109
3770 3489 193
3516 3502 42
3616 3507 75
3680 3650 56
3773 3742 144
3805 3799 48
3934 3860 99
3915 3910 81
3925 3924 68
3951 3931 57
4025 3945 243
3999 3969 49
4059 4002 84
4052 4015 151
4039 4025 72
4145 4128 88
374 231 171
1096 992 53
1152 1041 61
1254 1152 59
1497 1372 58
1372 1497 60
1497 1601 59
1858 1803 58
1803 1858 58
1152 1041 62
